((("length_rec" .
   [1 0 0 0 0 0 0 0 1 0])
  ("serveur" .
   [1 0 0 0 0 0 0])
  ("ramassage" .
   [0 0 0 0 1 0 0 0 0])
  ("repository" .
   [0 0 0 0 0 0 1 0 0 0])
  ("blih" .
   [1 0 0 0])
  ("print_hello" .
   [1 0 0 0 0 0 0 0 0 0 0])
  ("EndOfFlow" .
   [0 0 0 1 0 0 0 0 0])
  ("print_start" .
   [1 0 0 0 0 0 0 0 0 0 0])
  ("print_end" .
   [1 0 0 0 0 0 0 0 0])
  ("addTypeFollow" .
   [0 0 0 0 0 0 0 0 0 0 0 0 1])
  ("tmp_token" .
   [1 0 0 0 1 1 0 1 0])
  ("Value_N" .
   [0 0 0 0 0 0 2])
  ("OpeningParenthesis" .
   [0 0 0 0 2 0 0 0 0 0 0 0 0 0 0 0 0 0])
  ("TypeFollow_to_cmp" .
   [0 0 0 0 1 0 0 0 0 0 0 0 0 0 0 0 0])
  ("Type" .
   [1 0 0 0])
  ("Value" .
   [3 0 0 0 0])
  ("Token" .
   [1 0 1 2 0])
  ("TypeFollow" .
   [2 0 0 0 1 2 0 1 0 1])
  ("display_type_token" .
   [0 0 0 0 0 1 0 0 0 0 0 0 0 0 0 0 0 0])
  ("ostream" .
   [1 0 0 0 0 1 0])
  ("Value_X" .
   [1 0 0 0 0 0 0])
  ("Instruction" .
   [2 0 0 0 0 0 0 0 0 0 0])
  ("isToken" .
   [0 0 0 0 1 0 0])
  ("id_token_comment" .
   [0 0 0 0 0 0 0 0 0 0 1 1 0 0 0 0])
  ("it_list_token" .
   [0 0 0 0 1 1 0 0 0 0 0 0 2])
  ("l_token" .
   [0 0 0 0 1 0 0])
  ("it_line" .
   [4 0 0 0 0 0 0])
  ("getSeparator" .
   [0 0 0 1 0 0 0 0 0 0 0 0])
  ("IdTokenSeparator" .
   [0 0 0 0 0 0 0 0 1 0 0 0 0 0 0 0])
  ("new_token" .
   [0 0 1 0 0 0 0 0 1])
  ("last_token" .
   [0 0 0 0 0 1 1 0 0 0])
  ("deleteToken" .
   [0 0 0 0 0 0 0 0 1 0 0])
  ("t_instruction" .
   [0 0 0 0 1 1 0 0 0 0 0 0 0])
  ("IdTokenInstruction" .
   [1 0 2 0 0 0 0 0 0 0 0 0 0 0 0 0 0 0])
  ("get_promotion" .
   [0 0 0 0 0 0 0 0 0 0 1 0 0])
  ("is_close" .
   [1 0 0 1 0 0 0 0])
  ("promotion" .
   [0 0 0 0 0 1 0 0 0])
  ("student" .
   [2 0 0 0 0 0 0])
  ("etudiant" .
   [1 0 0 0 0 0 0 0])
  ("let" .
   [13 0 0])
  ("promo_begin" .
   [1 0 0 0 0 0 0 0 0 0 0])
  ("promo" .
   [1 0 0 0 0])
  ("prenom" .
   [2 0 0 0 0 0])
  ("date" .
   [3 0 0 0])
  ("stream" .
   [1 0 0 0 0 1])
  ("call_malloc" .
   [0 0 0 0 0 0 0 1 0 0 0])
  ("call_strftime" .
   [0 0 0 0 0 0 1 0 0 0 0 0 0])
  ("time_str" .
   [3 0 0 0 1 0 2 4])
  ("call_localtime" .
   [0 0 0 0 0 0 1 0 0 0 0 0 0 0])
  ("call_time" .
   [0 0 0 0 0 0 0 0 1])
  ("current_time" .
   [0 0 2 2 1 0 1 1 0 0 0 0])
  ("local_time" .
   [0 0 0 1 1 2 2 0 1 1])
  ("time_t" .
   [1 0 0 0 0 0])
  ("tm" .
   [3 0])
  ("calc" .
   [1 0 0 0])
  ("unstack_two" .
   [0 0 0 0 0 2 0 0 0 0 0])
  ("top" .
   [2 0 0])
  ("mystack" .
   [0 0 0 0 0 0 4])
  ("mod" .
   [5 0 0])
  ("sub" .
   [3 0 0])
  ("two" .
   [1 0 0])
  ("one" .
   [1 0 0])
  ("Operand" .
   [3 0 0 4 1 0 5])
  ("my_malloc" .
   [1 0 0 0 0 0 0 0 0])
  ("WHI" .
   [1 0 0])
  ("RED" .
   [5 0 0])
  ("to_remove" .
   [0 0 0 1 0 2 0 0 0])
  ("used" .
   [2 0 0 0])
  ("nmemb" .
   [0 0 1 0 0])
  ("full_size_alloc" .
   [0 0 0 0 0 0 1 0 0 0 0 0 0 0 0])
  ("new_ptr" .
   [1 0 0 0 0 0 1])
  ("alloc_size" .
   [0 0 0 0 0 0 0 1 0 1])
  ("need_newElem" .
   [0 0 0 1 0 0 0 0 0 0 0 0])
  ("attach_tolist" .
   [0 0 0 0 1 0 0 0 0 0 0 0 0])
  ("get_lastElem" .
   [0 0 0 0 1 0 0 0 0 0 0 0])
  ("s_m_list" .
   [0 0 0 1 0 0 0 0])
  ("cypherchar" .
   [0 0 1 0 0 0 0 0 0 0])
  ("plainchar" .
   [0 0 0 0 0 0 1 0 0])
  ("for_each" .
   [1 0 0 0 0 0 0 0])
  ("KoalaAction" .
   [1 0 0 0 0 0 0 0 0 0 0])
  ("typeid" .
   [0 0 0 0 1 0])
  ("newtab" .
   [4 0 0 1 0 4])
  ("typename" .
   [2 0 0 0 2 0 0 3])
  ("template" .
   [0 0 0 0 0 0 2 1])
  ("convertTo" .
   [0 0 0 0 0 0 0 0 1])
  ("new_array" .
   [0 0 0 0 0 1 0 0 2])
  ("idx" .
   [6 0 0])
  ("array" .
   [7 0 0 0 4])
  ("iostream" .
   [1 0 0 0 0 0 0 0])
  ("arra" .
   [0 0 0 1])
  ("_array" .
   [4 0 0 0 1 1])
  ("debug" .
   [17 0 0 0 0])
  ("limes" .
   [1 0 0 0 1])
  ("bananas" .
   [0 0 0 0 0 0 1])
  ("lemons" .
   [0 0 0 0 0 1])
  ("sortFruitBox" .
   [0 0 0 0 0 1 0 0 0 0 0 0])
  ("putFruit" .
   [0 0 0 1 0 0 0 0])
  ("disp_nbFruit" .
   [0 0 0 0 0 1 0 0 0 0 0 0])
  ("nbFruits" .
   [0 0 0 0 1 0 0 0])
  ("Nb" .
   [1 0])
  ("getVitamins" .
   [0 0 0 0 1 0 0 0 0 0 0])
  ("Banana" .
   [1 0 1 0 0 0])
  ("Fruit" .
   [5 0 1 0 4])
  ("ToyType" .
   [0 0 0 1 0 0 0])
  ("setAscii" .
   [0 0 0 1 0 0 0 0])
  ("picture" .
   [1 0 0 0 0 0 1])
  ("toto" .
   [3 0 0 0])
  ("toy" .
   [10 0 0])
  ("Toy" .
   [8 0 0])
  ("copy" .
   [8 0 0 0])
  ("Picture" .
   [3 0 0 9 0 0 0])
  ("paper" .
   [2 0 0 0 0])
  ("GiftPaper" .
   [0 0 0 0 0 1 0 0 0])
  ("test_5" .
   [1 0 0 0 0 0])
  ("table_string" .
   [1 0 0 0 0 0 0 0 0 0 0 0])
  ("createTable" .
   [0 0 0 0 0 0 0 0 0 0 1])
  ("table" .
   [2 0 0 0 0])
  ("tab_string" .
   [2 0 0 0 0 0 0 0 0 0])
  ("box" .
   [7 0 0])
  ("Gift" .
   [0 0 0 1])
  ("Box" .
   [4 0 0])
  ("BOX" .
   [1 0 0])
  ("RAISE_H" .
   [0 0 1 0 0 1 0])
  ("POWERFIST_H_" .
   [0 0 0 0 1 0 0 0 0 0 0 0])
  ("attack" .
   [1 0 0 0 0 0])
  ("getDamage" .
   [0 0 0 0 0 0 0 1 0])
  ("getAPCost" .
   [0 0 0 0 0 1 0 0 0])
  ("damage" .
   [3 0 0 0 1 0])
  ("apcost" .
   [3 0 1 0 0 0])
  ("AWeapon" .
   [0 0 2 0 0 0 2])
  ("AWEAPON_H_" .
   [0 0 2 0 0 0 0 0 0 0])
  ("using" .
   [2 0 0 0 0])
  ("Victim" .
   [3 0 0 0 0 0])
  ("Peon" .
   [9 0 1 0])
  ("PEON_H_" .
   [0 0 2 0 0 0 0])
  ("Smeagol" .
   [0 0 0 1 0 0 0])
  ("polymorph" .
   [1 0 0 0 0 0 0 0 0])
  ("Gandalf" .
   [0 0 0 0 0 0 1])
  ("hh" .
   [4 0])
  ("SORCERER_H_" .
   [0 0 2 0 0 0 0 0 0 0 0])
  ("Sorcerer" .
   [0 0 2 2 1 0 1 0])
  ("Priest" .
   [0 0 1 1 0 0])
  ("Mage" .
   [2 0 0 0])
  ("level" .
   [2 0 0 0 0])
  ("Character" .
   [0 0 0 0 0 1 0 0 0])
  ("CloseAttack" .
   [0 0 0 1 0 0 0 0 0 0 0])
  ("Range" .
   [0 0 1 0 0])
  ("thor" .
   [3 0 0 0])
  ("D_WEAPON" .
   [1 0 0 0 0 0 0 0])
  ("weaponName" .
   [0 0 0 1 0 0 0 0 0 0])
  ("D_PV" .
   [1 0 0 0])
  ("Warrior" .
   [0 0 1 0 1 0 0])
  ("Energy" .
   [1 0 0 2 1 0])
  ("Toughness" .
   [0 0 0 3 0 0 0 0 0])
  ("other" .
   [7 0 0 0 0])
  ("Attack" .
   [0 0 0 0 2 1])
  ("stimPaks" .
   [1 0 2 0 1 0 1 7])
  ("Skat" .
   [4 0 1 0])
  ("UNICOMPLEX" .
   [0 0 0 1 0 0 0 0 0 0])
  ("file_stream" .
   [2 0 0 0 0 0 0 0 1 0 0])
  ("at_work" .
   [0 0 0 2 1 0 0])
  ("SickKoalaList" .
   [0 0 6 2 1 0 0 0 0 0 0 0 0])
  ("KoalaNurse" .
   [0 0 0 1 0 0 0 0 0 0])
  ("KoalaDoctor" .
   [0 0 0 1 0 0 0 0 0 0 0])
  ("eucalyptus" .
   [1 0 0 0 0 0 0 0 0 0])
  ("drug_to_take" .
   [0 0 0 0 0 1 0 0 0 0 0 0])
  ("stream_file" .
   [2 0 0 0 3 3 1 0 0 0 0])
  ("c_str" .
   [1 0 0 0 0])
  ("report_name" .
   [1 0 0 0 0 0 0 0 1 0 0])
  ("patient_name" .
   [0 0 1 1 0 0 0 0 0 0 0 1])
  ("patient" .
   [4 0 0 0 0 0 2])
  ("SickKoala" .
   [0 0 0 0 1 0 0 0 0])
  ("timeCheck" .
   [0 0 1 0 1 0 0 0 0])
  ("begin" .
   [2 0 0 0 0])
  ("wpa_gui" .
   [1 0 0 0 0 0 0])
  ("assert" .
   [1 0 0 0 0 0])
  ("to_int" .
   [1 0 0 0 0 0])
  ("len_str_str" .
   [2 0 0 0 0 0 0 0 0 0 0])
  ("/media/vaur-backup/Videos/" .
   [0 0 0 0 0 0 0 0 0 0 0 0 0 0 0 0 0 0 0 0 1 0 0 0 0 0])
  ("/media/vaur-backup/" .
   [0 0 0 0 0 0 0 1 0 0 0 0 0 0 0 0 0 0 0])
  ("/media/vaur-disk/Videos/" .
   [0 0 0 0 0 0 0 0 0 0 0 0 0 0 0 0 0 0 0 0 0 0 1 0])
  ("/media/vaur-disk/vaur-data/" .
   [0 0 0 0 0 0 0 0 0 0 0 0 0 0 0 0 0 0 0 1 0 0 0 0 0 0 0])
  ("/media/" .
   [0 0 0 4 0 0 0])
  ("/media/vaur-disk/" .
   [0 0 0 0 0 0 0 0 0 1 0 0 0 0 0 2 0])
  ("/media/vaur-data/" .
   [0 0 0 0 0 0 0 0 0 1 0 0 0 1 0 0 0])
  ("/media/vaur-data-2/" .
   [0 0 0 0 0 0 0 0 0 0 0 0 0 0 0 0 0 0 1])
  ("cylindre" .
   [0 0 0 1 0 0 0 0])
  ("normal" .
   [1 0 0 0 0 0])
  ("radius" .
   [2 0 0 0 0 0])
  ("default_value" .
   [1 0 0 0 0 0 0 0 0 0 0 0 0])
  ("TYPE" .
   [1 0 0 0])
  ("REFLEC" .
   [1 0 0 0 0 0])
  ("TRANS" .
   [1 0 0 0 0])
  ("BRILL" .
   [1 0 0 0 0])
  ("ANGLE" .
   [1 0 0 0 0])
  ("RADIUS" .
   [1 0 0 0 0 0])
  ("COL" .
   [5 0 0])
  ("DEBUG" .
   [1 0 0 0 0])
  ("my_getnbrf" .
   [2 0 0 0 0 0 0 0 0 0])
  ("stdio" .
   [3 0 0 0 0])
  ("get_one_value" .
   [1 0 0 0 0 0 0 0 0 0 0 0 0])
  ("rm_space" .
   [2 0 0 0 0 0 0 0])
  ("mp_putchar" .
   [0 0 1 1 0 0 0 0 0 0])
  ("CYLIN" .
   [1 0 0 1 0])
  ("CONE" .
   [1 0 0 0])
  ("PLAN" .
   [1 0 0 0])
  ("SPHERE" .
   [1 0 0 1 0 0])
  ("do_safe_move" .
   [0 0 0 0 0 1 0 0 0 0 0 0])
  ("y_tmp" .
   [1 0 0 1 0])
  ("check_case" .
   [0 0 0 0 1 0 0 0 0 0])
  ("check_danger" .
   [0 0 0 0 0 1 0 0 0 0 0 0])
  ("fill_ori" .
   [0 0 0 0 0 0 1 0])
  ("tot" .
   [6 0 0])
  ("parse_fly" .
   [1 0 0 0 0 0 0 0 0])
  ("parse_t" .
   [1 0 0 0 0 0 0])
  ("parse_full" .
   [1 0 0 0 0 0 0 0 0 0])
  ("parse_rev" .
   [1 0 0 0 0 0 0 0 0])
  ("t_arg" .
   [0 0 1 1 0])
  ("parse_arg" .
   [0 0 0 0 1 0 0 0 0])
  ("text_count" .
   [0 0 0 0 2 0 0 0 0 0])
  ("tmp_occ" .
   [0 0 0 1 0 0 3])
  ("tmp_nb" .
   [0 0 0 0 1 0])
  ("occ" .
   [4 0 0])
  ("parse_line" .
   [0 0 0 0 0 0 0 1 0 0])
  ("parser" .
   [5 0 0 0 0 1])
  ("my_reader" .
   [0 0 0 0 0 0 0 0 1])
  ("desc" .
   [2 0 0 0])
  ("link" .
   [1 0 0 0])
  ("title" .
   [1 0 0 0 0])
  ("item" .
   [5 0 0 2])
  ("t_file" .
   [0 0 0 1 0 1])
  ("pro" .
   [7 0 0])
  ("get_pi" .
   [1 0 0 0 0 0])
  ("PI_H_" .
   [0 0 0 0 1])
  ("pre" .
   [1 0 0])
  ("check_neg" .
   [0 0 0 0 0 0 1 0 0])
  ("check_finish" .
   [0 0 0 0 0 1 0 0 0 0 0 0])
  ("new_grid" .
   [0 0 0 0 0 0 1 0])
  ("xtgetstr" .
   [0 0 0 0 0 1 0 0])
  ("get_grid" .
   [1 0 0 0 0 0 0 0])
  ("disp_grid" .
   [0 0 0 0 2 0 0 0 0])
  ("is_present_case" .
   [0 0 0 0 0 0 1 0 0 0 0 0 0 0 0])
  ("grid" .
   [25 0 0 0])
  ("SUDOKI_BI_H_" .
   [0 0 0 0 1 0 0 0 0 0 0 0])
  (".ssh" .
   [3 0 0 0])
  ("floor" .
   [1 0 0 0 0])
  ("isset" .
   [2 0 0 0 0])
  ("$height" .
   [2 0 0 0 0 0 0])
  ("$width" .
   [2 0 0 0 0 0])
  ("body" .
   [1 0 0 0])
  ("html" .
   [1 0 0 0])
  ("set" .
   [1 0 0])
  ("msg_outerr" .
   [1 0 0 0 0 0 0 0 0 0])
  ("msg_warn" .
   [1 0 0 0 0 0 0 0])
  ("load_addr" .
   [0 0 0 0 0 1 0 0 0])
  ("registers" .
   [2 0 0 0 0 0 0 0 0])
  ("register" .
   [0 0 0 0 0 0 0 1])
  ("REG_NUMBER" .
   [1 0 0 0 0 0 0 1 0 0])
  ("call_showstr" .
   [0 0 0 0 1 0 0 0 0 0 0 0])
  ("call_putptr" .
   [0 0 0 0 0 0 0 0 0 0 1])
  ("call_putnbr" .
   [0 0 0 0 0 1 0 0 0 0 0])
  ("room" .
   [1 0 0 0])
  ("get_oct" .
   [0 0 0 1 0 1 0])
  ("prototype" .
   [2 0 0 0 0 0 0 0 0])
  ("structures" .
   [0 0 0 0 0 0 0 0 0 1])
  ("go_throw_line" .
   [0 0 0 0 0 0 1 0 0 0 0 0 0])
  ("carry" .
   [4 0 0 0 0])
  ("actual_pc" .
   [0 0 0 0 1 0 1 0 1])
  ("CHAMP" .
   [5 0 0 0 0])
  ("last_sig" .
   [0 0 0 0 0 0 0 2])
  ("send_sig" .
   [0 0 0 0 0 0 0 1])
  ("Last" .
   [4 0 0 1])
  ("last_send" .
   [1 0 0 0 0 0 2 2 1])
  ("get_sig" .
   [6 0 0 0 0 0 0])
  ("wait_pid" .
   [2 0 0 0 0 0 0 0])
  ("sig" .
   [24 0 0])
  ("wait_sig" .
   [1 0 0 0 0 0 0 0])
  ("getpgid" .
   [0 0 0 0 1 0 0])
  ("pgrp" .
   [2 0 1 2])
  ("rev" .
   [1 0 0])
  ("-d/" .
   [1 0 0])
  ("~/epitech/rendu/lib/" .
   [0 0 0 0 0 0 0 0 0 0 0 0 0 0 0 0 1 0 0 0])
  ("~/epitech/rendu/" .
   [0 0 0 0 0 0 0 0 0 0 1 0 0 0 0 0])
  ("!/bin/csh" .
   [1 0 0 0 0 0 0 0 0])
  ("light" .
   [2 0 0 0 4])
  ("vec_light" .
   [1 0 0 0 0 0 0 0 0])
  ("sqrt" .
   [1 0 0 0])
  ("nor" .
   [2 0 0])
  ("25" .
   [1 0])
  ("256" .
   [2 0 0])
  ("make_cone" .
   [1 0 0 0 0 0 1 0 0])
  ("make_plan" .
   [1 0 0 0 0 0 0 0 0])
  ("90" .
   [1 0])
  ("matrix_x" .
   [2 0 0 0 0 0 0 0])
  ("cos" .
   [1 0 0])
  ("RAD" .
   [1 0 0])
  ("matrix" .
   [4 0 0 0 0 1])
  ("eye" .
   [6 0 0])
  ("get_coor_eye" .
   [0 0 0 0 0 0 0 0 1 0 0 0])
  ("env_static" .
   [0 0 0 0 0 0 0 1 0 0])
  ("in_file" .
   [1 0 0 0 0 0 0])
  ("fd_list" .
   [0 0 1 0 0 0 0])
  ("t_fd" .
   [1 0 0 1])
  ("S_IWUSR" .
   [1 0 0 0 0 0 0])
  ("fd_bk" .
   [1 0 0 0 0])
  ("get_msg_bin" .
   [0 0 0 0 1 0 0 0 0 0 0])
  ("msg_bin" .
   [2 0 0 0 7 0 4])
  ("send_msg" .
   [0 0 0 0 0 1 0 0])
  ("cpy_map" .
   [0 0 0 1 0 0 0])
  ("free_map" .
   [2 0 0 0 0 0 0 0])
  ("new_map" .
   [0 0 0 0 1 0 0])
  ("newfd" .
   [1 0 0 0 0])
  ("xdup2" .
   [2 0 0 0 0])
  ("oldfd" .
   [2 0 0 0 0])
  ("xdup" .
   [1 0 0 0])
  ("EXEC_CMD_H_" .
   [0 0 0 0 1 1 0 0 0 0 0])
  ("MAIN_H_" .
   [1 0 0 0 3 0 0])
  ("send_selected" .
   [0 0 0 1 1 0 0 0 0 0 0 0 0])
  ("free_list" .
   [0 0 0 0 0 0 0 0 1])
  ("get_termios" .
   [0 0 0 0 1 0 0 0 0 0 0])
  ("set_mode" .
   [0 0 0 1 0 0 0 0])
  ("back_up" .
   [1 0 1 0 2 2 0])
  ("t_termios" .
   [0 0 0 0 0 1 0 0 0])
  ("3" .
   [2])
  ("45" .
   [1 0])
  ("vx" .
   [2 0])
  ("vy" .
   [2 0])
  ("65536" .
   [1 0 0 0 0])
  ("blue" .
   [5 0 0 0])
  ("green" .
   [7 0 0 0 0])
  ("col" .
   [9 0 0])
  ("red" .
   [8 0 0])
  ("y_max" .
   [3 0 1 0 1])
  ("put_vertical_line" .
   [0 0 0 0 0 1 0 0 0 0 0 0 0 0 0 0 0])
  ("t_line" .
   [0 0 0 2 0 0])
  ("65307" .
   [0 0 1 0 0])
  ("t_key" .
   [1 0 0 0 0])
  ("rewind" .
   [1 0 0 0 0 0])
  ("new_l1" .
   [1 0 0 1 0 0])
  ("disp_list" .
   [0 0 0 0 0 0 0 1 0])
  ("fill_list" .
   [0 0 0 0 0 0 0 0 1])
  ("sig_quit" .
   [1 0 0 0 0 0 0 0])
  ("disp" .
   [8 0 0 0])
  ("load" .
   [2 0 0 0])
  ("sig_exit" .
   [1 0 0 0 0 0 1 0])
  ("do_exit" .
   [1 0 0 0 0 2 2])
  ("PWD" .
   [2 0 0])
  ("stay_cd" .
   [0 0 0 0 2 0 0])
  ("back_or_stay" .
   [0 0 0 0 0 0 0 1 0 0 0 0])
  ("func" .
   [6 0 0 0])
  ("back_stay" .
   [1 0 0 0 0 0 6 0 0])
  ("back_cd" .
   [1 0 0 0 1 0 1])
  ("t_back_stay" .
   [0 0 0 0 1 0 0 0 0 0 0])
  ("my_strncmp" .
   [1 0 0 0 0 0 0 1 1 0])
  ("i_path" .
   [5 0 0 1 4 2])
  ("i_ret" .
   [7 0 0 8 1])
  ("set_pwd_env" .
   [2 0 0 0 0 0 0 0 0 0 0])
  ("init_pwd" .
   [0 0 0 0 0 0 0 1])
  ("pwd_env" .
   [0 0 0 0 0 1 1])
  ("t_pwd" .
   [4 0 0 2 4])
  ("pwd" .
   [56 0 4])
  ("builtin" .
   [0 0 0 0 0 0 1])
  ("tab_to_list" .
   [1 0 0 0 0 0 0 0 0 0 0])
  ("2" .
   [2])
  ("draw_line" .
   [0 0 0 0 0 0 0 0 1])
  ("getnbr_base" .
   [0 0 0 0 1 0 0 0 0 0 0])
  ("get_nbr_base" .
   [0 0 0 0 0 0 1 0 0 0 0 0])
  ("reverse" .
   [4 0 0 0 0 0 0])
  ("display_map" .
   [0 0 0 0 0 1 0 0 0 0 0])
  ("pos" .
   [9 0 0])
  ("cube" .
   [3 0 0 0])
  ("DRAW_LINE_H_" .
   [0 0 0 0 1 0 0 0 0 0 0 0])
  ("put_pixel" .
   [0 0 0 1 0 0 0 0 0])
  ("x1" .
   [10 0])
  ("y1" .
   [4 0])
  ("pixel" .
   [4 0 0 3 1])
  ("draw_case_five" .
   [3 0 0 0 0 0 0 0 0 0 0 0 0 0])
  ("draw_case" .
   [0 0 0 0 0 0 0 0 1])
  ("do_play" .
   [0 0 0 0 0 1 3])
  ("do_pause" .
   [0 0 0 0 0 3 0 1])
  ("tko2" .
   [1 0 0 0])
  ("free_tab" .
   [4 0 0 0 0 0 0 0])
  ("j_paused" .
   [1 0 0 0 1 0 0 0])
  ("on_b" .
   [5 0 0 0])
  ("i_paused" .
   [1 0 0 0 1 0 0 0])
  ("on_a" .
   [5 0 0 0])
  ("on" .
   [1 0])
  ("prog_name" .
   [1 0 0 1 0 0 0 0 0])
  ("do_line" .
   [1 0 0 2 0 0 0])
  ("line2" .
   [5 0 0 0 0])
  ("line1" .
   [6 0 0 0 0])
  ("do_tko" .
   [1 0 0 0 0 0])
  ("mylong_list" .
   [0 0 0 0 0 1 0 0 0 0 0])
  ("mode" .
   [9 0 0 0])
  ("is_xoth" .
   [0 0 0 0 0 1 0])
  ("is_xgrp" .
   [0 0 0 0 0 2 0])
  ("is_woth" .
   [0 0 0 0 0 1 0])
  ("is_wgrp" .
   [0 0 0 0 0 1 0])
  ("is_roth" .
   [0 0 0 0 0 1 0])
  ("is_rgrp" .
   [0 0 0 0 0 1 0])
  ("is_xusr" .
   [0 0 0 0 1 0 0])
  ("is_wusr" .
   [0 0 0 0 0 1 0])
  ("is_rusr" .
   [0 0 0 0 0 1 0])
  ("st_mode" .
   [2 0 0 0 0 0 0])
  ("S_IRUSR" .
   [1 0 0 0 1 0 0])
  ("len_str" .
   [4 0 0 0 0 3 1])
  ("len_msg" .
   [0 0 0 0 0 0 1])
  ("msg" .
   [6 0 0])
  ("mul_matrix" .
   [0 0 0 0 0 0 1 0 0 0])
  ("len_mul" .
   [3 0 2 0 0 1 0])
  ("mul" .
   [12 0 0])
  ("path" .
   [36 0 0 0])
  ("option" .
   [2 0 0 0 0 0])
  ("read_dir" .
   [1 0 0 0 0 0 0 0])
  ("r" .
   [4])
  ("stat" .
   [1 0 0 0])
  ("d_name" .
   [1 0 0 0 0 0])
  ("display_dir" .
   [0 0 0 0 0 0 0 2 0 0 0])
  ("first" .
   [7 0 0 1 0])
  ("myls" .
   [3 0 0 0])
  ("t_list" .
   [12 0 2 1 6 14])
  ("readdir" .
   [0 0 0 0 0 1 0])
  ("entry" .
   [2 0 0 0 0])
  ("current_dir" .
   [1 0 1 0 0 0 0 1 0 0 0])
  ("DIR" .
   [1 0 0])
  ("error_open_dir" .
   [0 0 0 0 1 0 0 0 0 0 0 0 0 0])
  ("do_listing" .
   [1 0 0 2 0 0 0 0 0 0])
  ("recode" .
   [3 0 0 0 0 0])
  ("do_ops" .
   [3 0 0 0 0 0])
  ("print_usage" .
   [0 0 0 0 0 1 1 0 0 0 0])
  ("~/epitech/lib/libmy/" .
   [0 0 0 0 0 0 0 0 0 0 0 0 0 0 1 0 0 0 0 0])
  ("~/epitech/lib/" .
   [0 0 0 0 0 0 0 0 0 0 0 0 0 1])
  ("~/epitech/utils/" .
   [0 0 0 0 0 0 0 0 0 0 0 0 1 0 0 0])
  ("~/epitech/" .
   [0 0 0 0 0 1 0 0 0 0])
  ("get" .
   [23 0 0])
  ("i_start" .
   [14 0 0 2 0 0 0])
  ("EOF" .
   [1 0 0])
  ("ip_locale" .
   [0 0 0 2 0 0 0 0 0])
  ("win" .
   [45 0 0])
  ("t_win" .
   [3 0 0 0 0])
  ("tp3" .
   [2 0 0])
  ("t_windows" .
   [1 0 0 0 0 0 0 0 0])
  ("TP" .
   [1 0])
  ("TP3_H_" .
   [1 0 0 1 0 0])
  ("sizeof_line" .
   [0 0 0 0 0 0 0 1 0 0 0])
  ("size_ret" .
   [1 0 0 0 0 0 0 0])
  ("SIZE_READ" .
   [1 0 0 1 3 0 0 0 0])
  ("get_next_line" .
   [3 0 0 0 2 3 1 4 0 1 0 0 1])
  ("to_ret_next" .
   [0 0 0 0 0 2 1 0 0 0 0])
  ("full_ret" .
   [0 0 0 0 0 2 0 0])
  ("svn" .
   [1 0 0])
  ("nbr_neg" .
   [0 0 0 0 0 0 1])
  ("my_showstr_oct" .
   [1 0 0 0 0 0 0 0 0 0 0 0 0 0])
  ("wrong_flag" .
   [0 0 1 0 0 0 1 0 0 0])
  ("t_flags" .
   [1 0 0 0 1 0 0])
  ("search_flags" .
   [0 0 0 0 1 0 0 0 0 0 0 0])
  ("my_putnbr" .
   [3 0 0 1 0 0 0 0 0])
  ("16" .
   [1 0])
  ("mlx_ptr" .
   [0 0 0 1 0 0 2])
  ("mlx_loop" .
   [0 0 0 0 0 0 1 0])
  ("endian" .
   [3 0 0 0 0 0])
  ("sizeline" .
   [7 0 0 0 0 0 1 1])
  ("bpp" .
   [10 0 0])
  ("img" .
   [2 0 0])
  ("my_putnbr_base" .
   [0 0 0 0 0 0 0 0 1 1 0 0 0 1])
  ("my" .
   [9 0])
  ("display_vector" .
   [0 0 0 0 0 0 0 0 0 0 0 0 0 1])
  ("dim" .
   [1 0 0])
  ("do_prod_vec" .
   [0 0 0 0 1 0 0 0 0 0 0])
  ("global" .
   [3 0 0 0 0 6])
  ("OPTION" .
   [0 0 1 0 0 0])
  ("endif" .
   [12 0 0 3 0])
  ("OPTION2_H_" .
   [0 0 0 0 0 0 0 1 1 0])
  ("format" .
   [5 0 0 0 0 0])
  ("args" .
   [4 0 0 0])
  ("create_op" .
   [1 0 0 0 0 0 0 0 0])
  ("create_list" .
   [0 0 0 0 0 0 0 1 0 0 0])
  ("lists" .
   [1 0 0 1 0])
  ("t_lists" .
   [2 0 0 0 0 3 0])
  ("is_in_str" .
   [1 0 0 0 0 1 0 0 0])
  ("t_eval" .
   [2 0 0 0 1 0])
  ("eval" .
   [35 1 0 0])
  ("nbr2" .
   [5 0 0 0])
  ("len_nbr2" .
   [4 0 0 1 0 0 0 1])
  ("len_nbr1" .
   [2 0 0 1 2 0 0 3])
  ("nbr1" .
   [3 0 0 2])
  ("init_add" .
   [1 0 0 0 0 0 0 0])
  ("t_add" .
   [5 0 0 0 0])
  ("AUCTeX" .
   [0 0 0 1 0 0])
  ("require" .
   [1 0 0 0 0 0 0])
  ("load-path" .
   [0 0 0 0 0 0 1 0 0])
  ("add-to-list" .
   [0 0 0 0 0 0 0 0 0 0 1])
  ("bistro" .
   [1 0 0 0 0 0])
  ("nb2" .
   [10 0 0])
  ("res_base_int" .
   [0 0 0 2 4 0 0 0 1 0 0 3])
  ("len_base" .
   [3 0 0 1 0 1 0 3])
  ("tmp1" .
   [12 0 0 1])
  ("tmp2" .
   [13 0 0 0])
  ("add" .
   [102 0 0])
  ("func_add" .
   [0 0 0 0 1 0 0 0])
  ("new_number" .
   [0 0 0 0 0 1 0 0 0 0])
  ("new_op" .
   [0 0 0 1 0 0])
  ("create_number" .
   [1 0 0 0 0 0 0 0 0 0 0 0 1])
  ("number" .
   [9 0 0 3 0 0])
  ("list_nbr" .
   [1 0 0 0 0 1 1 1])
  ("1" .
   [6])
  ("list_op" .
   [2 0 0 0 0 0 2])
  ("data" .
   [18 0 1 0])
  ("element" .
   [6 0 0 0 0 1 0])
  ("list_data" .
   [3 0 0 0 0 0 1 1 0])
  ("t_data" .
   [10 0 0 0 0 0])
  ("9" .
   [2])
  ("read" .
   [15 0 0 0])
  ("SIZE_BUFFER" .
   [1 0 0 1 4 1 0 0 0 0 0])
  ("conky" .
   [1 0 0 0 0])
  ("str2" .
   [4 0 0 0])
  ("init_check" .
   [0 0 0 1 0 0 0 0 0 1])
  ("unistd" .
   [3 0 0 0 0 0])
  ("_INIT_CHECK_H_" .
   [0 0 0 0 0 1 0 0 0 0 0 0 0 0])
  ("nb_neg" .
   [1 0 0 1 0 0])
  ("nbr" .
   [30 0 0])
  ("i_tmp" .
   [7 0 2 5 0])
  ("my_getnbr_abs" .
   [3 0 0 0 0 0 0 0 0 0 0 0 0])
  ("t_nbr" .
   [3 0 0 0 0])
  ("xmalloc" .
   [21 0 2 9 1 3 0])
  ("devilliers" .
   [1 0 0 0 0 0 0 0 0 0])
  ("middle_line" .
   [0 0 0 0 1 0 0 0 0 0 0])
  ("count" .
   [10 0 0 1 0])
  ("in" .
   [11 0])
  ("c_between" .
   [3 0 2 0 0 1 0 0 0])
  ("tab1" .
   [14 0 0 0])
  ("nb_returned" .
   [4 0 1 0 0 1 0 0 0 0 1])
  ("my_factorielle_rec" .
   [1 0 0 0 0 0 0 0 0 0 0 0 0 0 0 0 0 0])
  ("nb1" .
   [25 0 1])
  ("my_factorielle_it" .
   [0 0 1 0 0 0 0 0 0 0 0 0 0 0 0 0 0])
  ("my_swap" .
   [1 0 0 0 0 0 0])
  ("2147483648" .
   [1 0 0 0 0 0 0 0 0 0])
  ("my_sort_in_tab" .
   [0 0 0 0 0 1 0 0 1 0 0 0 0 0])
  ("nnbr" .
   [1 0 0 0])
  ("my_getnbr" .
   [13 0 0 0 0 0 3 0 0])
  ("epishit" .
   [1 0 0 0 0 0 0])
  ("map_end_check_loop" .
   [0 0 0 0 0 0 0 1 0 0 0 0 0 0 0 0 0 0])
  ("b_team" .
   [1 0 0 0 1 0])
  ("b_win" .
   [2 0 0 0 0])
  ("map_end_check" .
   [0 0 0 0 0 0 0 0 0 0 1 0 0])
  ("timeout" .
   [1 0 0 0 0 0 0])
  ("n_quantity" .
   [0 0 0 0 1 0 0 0 0 0])
  ("0" .
   [5])
  ("s_mess" .
   [1 0 0 0 0 0])
  ("n_direction" .
   [0 0 0 1 0 0 0 0 0 0 0])
  ("n_var" .
   [0 0 0 1 0])
  ("h_voir" .
   [0 0 0 1 0 0])
  ("s_push_string" .
   [0 0 0 0 0 1 0 0 0 0 0 0 0])
  ("NOURRITURE" .
   [0 0 0 0 1 0 0 0 0 0])
  ("map_monitor_client" .
   [1 0 0 0 0 0 0 0 0 0 0 0 0 0 0 0 0 0])
  ("map_team" .
   [1 0 0 0 0 0 0 0])
  ("h_command" .
   [0 0 0 1 3 1 1 0 2])
  ("s_send" .
   [1 0 0 0 0 0])
  ("h_list_command" .
   [0 0 0 0 1 0 0 0 0 0 0 0 0 0])
  ("s_init_with_ascii" .
   [0 0 0 0 0 0 0 0 0 1 0 0 0 0 0 0 0])
  ("s_toascii" .
   [0 0 0 0 1 0 2 0 1])
  ("s_rcv" .
   [2 0 0 1 0])
  ("s_push_int" .
   [1 0 0 0 0 1 0 0 0 0])
  ("map_number_at" .
   [0 0 0 0 1 0 0 0 0 0 0 0 0])
  ("UNKNOWN" .
   [1 0 2 0 0 0 0])
  ("n_incant_res" .
   [0 0 0 1 0 0 0 0 0 0 0 0])
  ("n_width" .
   [9 0 0 1 2 0 0])
  ("n_id" .
   [7 0 0 3])
  ("n_egg_id" .
   [0 0 0 1 0 0 0 0])
  ("s_printf" .
   [8 0 1 0 5 7 2 1])
  ("n_lvl" .
   [3 0 0 2 0])
  ("look" .
   [5 0 0 0])
  ("map_add" .
   [1 0 0 0 0 0 0])
  ("client" .
   [4 0 0 0 0 5])
  ("type" .
   [49 0 1 0])
  ("sym" .
   [1 0 0])
  ("export" .
   [1 0 0 0 0 0])
  ("static_cast" .
   [0 0 0 0 0 0 1 0 0 0 0])
  ("AnimationPlay" .
   [0 0 0 1 0 0 0 0 0 0 0 0 0])
  ("obj_decor_floor" .
   [1 0 0 0 0 0 0 0 0 0 0 0 0 0 0])
  ("hBomberman" .
   [0 0 1 0 0 0 0 0 0 0])
  ("hCursorKeys" .
   [0 0 0 0 0 0 0 0 1 0 0])
  ("m_hScreen" .
   [0 0 1 0 0 0 0 0 0])
  ("m_hBottom" .
   [0 0 0 0 1 0 0 0 0])
  ("m_hTop" .
   [0 0 0 0 0 1])
  ("6000" .
   [1 0 0 0])
  ("60000" .
   [3 0 0 0 0])
  ("10000" .
   [2 0 0 0 0])
  ("OPTI" .
   [0 0 2 0])
  ("IsReleased" .
   [0 0 0 0 1 0 0 0 0 0])
  ("m_hScore_1" .
   [12 0 0 0 0 0 0 0 0 0])
  ("pts" .
   [18 0 0])
  ("intro" .
   [2 0 0 0 0])
  ("myOffset" .
   [1 0 0 0 0 0 0 0])
  ("BufferSize" .
   [0 0 1 0 0 0 0 0 0 0])
  ("size_t" .
   [0 0 0 1 0 0])
  ("sfSoundStream" .
   [0 0 0 0 0 1 0 0 0 0 0 0 0])
  ("Error" .
   [7 0 0 2 4])
  ("music_display" .
   [0 0 1 2 0 0 0 0 0 0 0 0 1])
  ("MAX" .
   [3 0 0])
  ("c_ip" .
   [2 0 0 0])
  ("ip" .
   [1 0])
  ("s" .
   [15])
  ("c_port" .
   [2 0 0 0 0 0])
  ("xfunc" .
   [1 0 0 0 0])
  ("AF_INET" .
   [0 0 1 0 0 0 0])
  ("protocol" .
   [0 0 0 0 0 0 0 1])
  ("socket" .
   [4 0 1 0 0 0])
  ("sock" .
   [6 0 0 0])
  ("protoent" .
   [0 0 0 0 0 1 0 0])
  ("projets" .
   [0 0 0 1 0 0 1])
  ("sin" .
   [5 0 0])
  ("sockaddr_in" .
   [1 0 0 0 1 0 0 0 0 0 0])
  ("n_port" .
   [0 0 1 1 0 0])
  ("Socket" .
   [1 0 1 0 0 0])
  ("h_socket" .
   [1 0 5 1 0 0 0 0])
  ("t_socket" .
   [0 0 0 0 1 0 0 0])
  ("obj_menu_sv_multi_scores" .
   [0 0 0 0 0 0 0 0 0 0 0 0 0 0 1 0 0 0 0 0 0 0 0 0])
  ("elf_begin" .
   [1 0 0 0 0 0 0 0 0])
  ("ehdr" .
   [1 0 0 0])
  ("Elf" .
   [0 0 1])
  ("shdr" .
   [3 0 0 0])
  ("elf_file" .
   [3 0 0 0 0 0 0 0])
  ("scn" .
   [1 0 0])
  ("filename" .
   [0 0 0 2 2 0 0 0])
  ("run" .
   [1 0 0])
  ("Intro" .
   [1 0 0 0 7])
  ("rest" .
   [18 0 0 0])
  ("avformat" .
   [4 0 0 0 0 0 0 0])
  ("key" .
   [14 0 0])
  ("default" .
   [3 0 0 0 0 0 0])
  ("Closed" .
   [0 0 0 1 0 0])
  ("Event" .
   [1 0 0 0 0])
  ("case" .
   [3 0 0 0])
  ("switch" .
   [1 0 1 2 0 0])
  ("Window" .
   [0 0 2 0 0 2])
  ("640" .
   [1 0 0])
  ("VideoMode" .
   [0 0 0 0 0 1 0 0 0])
  ("m_nPosY" .
   [1 0 0 0 0 0 0])
  ("m_nPosX" .
   [0 0 0 1 0 0 0])
  ("//u/" .
   [0 0 2 0])
  ("ToFloat" .
   [0 0 0 0 0 0 1])
  ("m_nSize" .
   [0 0 0 0 1 0 0])
  ("size" .
   [20 0 0 0])
  ("m_hBlue" .
   [0 0 0 0 1 0 0])
  ("m_hGreen" .
   [0 0 0 0 1 0 0 0])
  ("sVector" .
   [0 0 3 0 0 0 0])
  ("m_hRed" .
   [0 0 0 0 1 0])
  ("CALCULATE_H" .
   [0 0 0 0 0 0 0 0 0 1 0])
  ("GRAPH_H" .
   [0 0 0 0 0 1 0])
  ("m" .
   [2])
  ("bind" .
   [1 0 0 0])
  ("t" .
   [7])
  ("//$RECYCLE.BIN/" .
   [0 0 1 0 0 0 0 0 0 0 0 0 0 0 0])
  ("255" .
   [4 0 0])
  ("140" .
   [2 0 0])
  ("270" .
   [4 0 0])
  ("GetRotation" .
   [0 0 1 0 0 0 0 0 0 0 1])
  ("360" .
   [6 0 0])
  ("end" .
   [7 0 0])
  ("180" .
   [3 0 0])
  ("135" .
   [2 0 0])
  ("Vector3D" .
   [0 0 1 0 0 0 0 0])
  ("hOther" .
   [0 0 2 0 0 1])
  ("hObj" .
   [0 0 0 1])
  ("hBox1" .
   [0 0 1 0 0])
  ("GetTranslation" .
   [0 0 0 1 0 0 0 0 0 0 0 0 0 0])
  ("Down" .
   [2 0 0 0])
  ("Left" .
   [3 0 0 0])
  ("Right" .
   [3 0 0 0 0])
  ("obj_wall" .
   [2 0 0 0 0 0 0 0])
  ("extern" .
   [2 0 0 0 0 0])
  ("static" .
   [30 0 0 0 1 4])
  ("SIG_ERR" .
   [1 0 1 1 1 0 0])
  ("signum" .
   [1 0 0 0 0 0])
  ("SIGTSTP" .
   [0 0 1 1 0 0 0])
  ("SIGINT" .
   [1 0 0 1 0 0])
  ("SIGQUIT" .
   [0 0 0 2 0 0 0])
  ("xptrace" .
   [1 0 1 0 0 0 0])
  ("usage" .
   [1 0 0 1 0])
  ("lauch_ptrace" .
   [0 0 1 0 0 0 0 0 0 0 0 0])
  ("father_ptrace" .
   [0 0 0 1 1 0 0 0 0 0 0 0 0])
  ("get_sys_name" .
   [0 0 0 1 0 0 0 0 0 0 0 0])
  ("user_regs_struct" .
   [0 0 1 2 0 0 0 0 0 0 0 0 0 0 0 0])
  ("argv" .
   [83 0 0 2])
  ("file" .
   [25 0 0 0])
  ("pid_t" .
   [4 0 0 3 1])
  ("bool" .
   [15 0 0 0])
  ("model_" .
   [2 0 0 0 2 1])
  ("400" .
   [6 0 0])
  ("mur_bas" .
   [2 0 0 1 0 1 0])
  ("mur_haut" .
   [2 0 0 0 0 0 0 0])
  ("mur_droite" .
   [0 0 0 0 0 0 2 0 0 0])
  ("for" .
   [7 0 0])
  ("mur_gauche" .
   [0 0 3 0 0 0 0 1 1 1])
  ("save2" .
   [2 0 0 0 0])
  ("save" .
   [1 0 0 0])
  ("320" .
   [13 0 0])
  ("GL_QUADS" .
   [1 0 0 0 0 1 0 1])
  ("glBegin" .
   [0 0 0 1 0 0 0])
  ("Cube" .
   [1 0 0 0])
  ("img_" .
   [1 0 0 0])
  ("Image" .
   [1 0 0 0 0])
  ("Triangle" .
   [1 0 0 0 0 0 0 0])
  ("initialize" .
   [0 0 0 1 0 0 0 0 0 0])
  ("update" .
   [1 0 0 0 0 0])
  ("Object" .
   [1 0 3 2 0 0])
  ("./include/Input.hpp" .
   [0 0 0 0 0 0 0 0 0 0 0 0 1 0 0 0 0 0 0])
  ("./include/GameClock.hpp" .
   [0 0 0 0 0 0 0 0 0 0 1 0 0 0 0 0 0 0 0 0 0 0 0])
  ("./include/" .
   [0 0 0 0 0 0 0 0 0 1])
  ("Vector3f" .
   [0 0 1 1 0 0 0 0])
  ("hpp" .
   [3 0 0])
  ("MyGame" .
   [1 0 4 0 0 0])
  ("n" .
   [25])
  ("i" .
   [73])
  ("PTRACE_SINGLESTEP" .
   [0 0 0 0 0 0 0 0 1 0 0 0 0 0 0 0 0])
  ("unsigned" .
   [7 0 1 3 4 0 0 0])
  ("sys" .
   [1 0 0])
  ("PTRACE_SYSCALL" .
   [0 0 0 0 0 0 0 1 0 0 0 0 0 0])
  ("status" .
   [12 0 0 0 0 2])
  ("ptrace" .
   [0 0 1 0 0 1])
  ("wait" .
   [2 0 0 0])
  ("EXIT_FAILURE" .
   [2 0 1 3 6 1 0 0 0 1 0 1])
  ("fprintf" .
   [0 0 2 1 0 0 0])
  ("errpt" .
   [0 0 0 3 0])
  ("long" .
   [6 0 0 1])
  ("pid" .
   [26 0 0])
  ("main" .
   [51 0 1 0])
  ("fd_max" .
   [0 0 0 0 1 0])
  ("my_sigint_init" .
   [0 0 0 1 0 1 0 0 0 0 0 0 0 1])
  ("chan" .
   [2 0 0 0])
  ("pch" .
   [2 0 0])
  ("dprintf" .
   [0 0 1 0 0 1 0])
  ("match" .
   [3 0 0 0 0])
  ("t_serveur" .
   [0 0 0 1 1 0 0 0 0])
  ("lol" .
   [29 0 0])
  ("list_func" .
   [1 0 0 0 0 0 0 0 0])
  ("tmp" .
   [74 0 0])
  ("exp" .
   [0 0 1])
  ("cmd" .
   [84 0 0])
  ("delim" .
   [1 0 0 0 0])
  ("tab" .
   [84 0 0])
  ("add_chan" .
   [0 0 0 1 0 0 0 0])
  ("c" .
   [58])
  ("ch" .
   [9 0])
  ("next" .
   [74 0 0 1])
  ("_name" .
   [23 0 0 2 0])
  ("_nb" .
   [0 0 1])
  ("sizeof" .
   [33 0 0 3 13 27])
  ("el" .
   [7 0])
  ("t_chan" .
   [3 0 0 0 2 0])
  ("show_list" .
   [0 0 0 0 1 0 0 0 0])
  ("put_chan_in_list" .
   [0 0 0 1 0 0 0 0 0 0 0 0 0 0 0 1])
  ("server_write" .
   [0 0 1 0 1 0 0 0 0 0 0 0])
  ("fd" .
   [44 0])
  ("port" .
   [3 0 0 0])
  ("USAGE_SV" .
   [0 0 0 0 0 0 0 1])
  ("t_env" .
   [10 0 0 3 1])
  ("s_chan" .
   [1 0 0 0 1 0])
  ("typedef" .
   [6 0 0 2 10 3 18])
  ("alias" .
   [15 0 0 0 0])
  ("set_fd" .
   [2 0 1 2 1 1])
  ("puts" .
   [33 0 1 1])
  ("printf" .
   [156 0 1 3 2 8])
  ("buf" .
   [6 0 0])
  ("len" .
   [12 0 0])
  ("len2" .
   [6 0 0 2])
  ("buff" .
   [10 0 0 0])
  ("write" .
   [11 0 1 0 0])
  ("exit" .
   [27 0 0 1])
  ("512" .
   [1 0 0])
  ("char" .
   [425 1 0 0])
  ("error" .
   [6 0 1 2 1])
  ("FD_SET" .
   [1 0 0 0 0 0])
  ("readfs" .
   [0 0 1 1 0 0])
  ("cs2" .
   [10 0 1])
  ("cs1" .
   [8 0 0])
  ("signal" .
   [3 0 0 0 0 0])
  ("new" .
   [26 0 2])
  ("_tread" .
   [0 0 0 1 0 0])
  ("Thread" .
   [0 0 1 0 0 0])
  ("list" .
   [90 0 2 4])
  ("float" .
   [31 0 1 4 5])
  ("Kitchen" .
   [0 0 2 0 0 1 0])
  ("map" .
   [33 0 0])
  ("startIngredients" .
   [0 0 0 0 0 1 0 0 0 0 0 0 0 0 0 0])
  ("break" .
   [12 0 1 0 0])
  ("1000" .
   [9 0 0 0])
  ("usleep" .
   [1 0 0 0 1 0])
  ("while" .
   [212 0 1 0 1])
  ("_ingredts" .
   [0 0 0 1 0 0 0 0 0])
  ("over" .
   [13 0 0 0])
  ("_over" .
   [0 0 2 0 0])
  ("time" .
   [4 0 1 0])
  ("_time" .
   [1 0 0 1 0])
  ("Ingredients" .
   [0 0 0 0 0 0 0 0 0 0 2])
  ("_INGREDIENTS_HH_" .
   [0 0 0 1 0 0 0 0 0 0 0 0 0 0 0 0])
  ("define" .
   [33 0 0 1 0 2])
  ("ifndef" .
   [10 0 0 0 0 0])
  ("operator" .
   [2 0 0 0 0 2 0 2])
  ("Thead" .
   [0 0 2 0 5])
  ("private" .
   [9 0 0 0 2 0 1])
  ("rv" .
   [2 0])
  ("_stat" .
   [1 0 0 0 0])
  ("pthread" .
   [0 0 0 0 0 1 1])
  ("_arg" .
   [1 0 0 1])
  ("routine" .
   [1 0 0 0 0 0 0])
  ("_stRoutine" .
   [0 0 0 1 1 0 0 0 0 1])
  ("arg" .
   [31 0 0])
  ("struct" .
   [37 0 0 16 7 9])
  ("typdedef" .
   [0 0 0 0 0 2 0 0])
  ("const" .
   [64 0 0 0 0])
  ("enum" .
   [2 0 0 0])
  ("SafeQueue" .
   [0 0 1 0 0 0 0 0 0])
  ("return" .
   [345 0 1 6 16 13])
  ("true" .
   [33 0 0 0])
  ("_finish" .
   [0 0 1 0 0 0 0])
  ("false" .
   [21 0 0 2 0])
  ("QueueError" .
   [0 0 0 0 0 0 1 0 0 0])
  ("value" .
   [3 0 0 0 0])
  ("push" .
   [4 0 0 0])
  ("_queue" .
   [1 0 3 0 1 0])
  ("_mutex" .
   [0 0 2 0 0 0])
  ("this" .
   [153 0 0 1])
  ("lock" .
   [2 0 0 0])
  ("ScopeLock" .
   [0 0 0 0 0 0 0 0 2])
  ("joinThread" .
   [0 0 0 1 0 0 0 0 0 0])
  ("increment_with_mutexes" .
   [0 0 0 1 0 0 0 0 0 0 0 0 0 0 0 0 0 0 0 0 0 0])
  ("th2" .
   [2 0 0])
  ("th1" .
   [1 0 0])
  ("thr1" .
   [0 0 1 0])
  ("createThread" .
   [0 0 1 0 0 0 0 0 0 0 0 0])
  ("BITCHYOUGONNADIE" .
   [0 0 1 0 0 0 0 0 1 0 0 0 0 0 0 0])
  ("ThreadError" .
   [0 0 1 0 0 0 0 0 0 1 0])
  ("throw" .
   [0 0 1 1 3])
  ("if" .
   [377 0])
  ("err" .
   [2 0 0])
  ("int" .
   [746 0 2])
  ("NULL" .
   [195 1 1 0])
  ("s_counter" .
   [0 0 1 0 0 0 0 0 0])
  ("reinterpret_cast" .
   [0 0 0 0 3 0 0 0 0 0 0 0 0 0 0 0])
  ("ctr" .
   [1 0 0])
  ("counter" .
   [23 0 0 2 8 1 0])
  ("param" .
   [1 0 0 0 0])
  ("lock_and_doSomething3" .
   [2 0 0 0 0 0 0 0 0 0 0 0 0 0 0 0 0 0 0 0 0])
  ("cout" .
   [36 0 0 0])
  ("std" .
   [153 0 1])
  ("endl" .
   [37 0 1 1])
  ("include" .
   [240 0 1 6 2 1 0])
  ("class" .
   [16 0 1 0 0])
  ("IMutex" .
   [2 0 0 0 0 0])
  ("public" .
   [20 0 2 1 1 1])
  ("virtual" .
   [8 0 1 1 1 2 1])
  ("void" .
   [349 0 0 1])
  ("try" .
   [2 0 0])
  ("else" .
   [187 0 0 0])
  ("empty" .
   [0 0 0 1 0])
  ("dump" .
   [2 0 0 0])
  ("f" .
   [2])
  ("CondVar" .
   [1 0 0 0 0 0 0])
  ("Pizza" .
   [4 0 3 0 0])
  ("TypePizza" .
   [1 0 1 0 0 0 0 0 0])
  ("TaillePizza" .
   [0 0 1 0 0 0 0 0 0 0 0])
  ("string" .
   [48 0 0 1 1 0])
  ("_typePiz" .
   [0 0 0 2 1 1 0 1])
  ("NOPIZ" .
   [0 0 0 1 0])
  ("tp" .
   [1 0])
  ("_taillePiz" .
   [0 0 0 4 0 0 0 0 0 0])
  ("tlp" .
   [0 0 1])
  ("NamedPipeError" .
   [0 0 1 1 0 0 0 0 0 0 0 0 0 0])
  ("catch" .
   [1 0 0 0 0])
  ("UsageError" .
   [0 0 0 1 0 0 0 0 0 0])
  ("fd_s" .
   [2 0 1 1])
  ("name" .
   [83 0 2 0])
  ("cl" .
   [1 0])
  ("nick_name" .
   [0 0 0 0 0 1 0 0 0])
  ("strlen" .
   [3 0 0 0 0 0])
  ("str" .
   [144 0 0])
  ("t_tab" .
   [0 0 0 1 0])
  ("reset_name" .
   [0 0 0 0 0 1 0 0 0 0])
  ("g_tab" .
   [4 0 5 5 3])
  ("strcmp" .
   [4 0 0 0 0 0])
  ("join" .
   [1 0 0 0])
  ("t_log" .
   [3 0 0 0 0])
  ("_fd" .
   [1 0 0])
  ("strdup" .
   [2 0 0 0 0 0])
  ("res" .
   [24 0 0])
  ("008" .
   [1 0 0])
  ("var" .
   [8 0 0])
  ("cha" .
   [11 0 0])
  ("malloc" .
   [9 0 0 0 0 0])
  ("4096" .
   [3 0 1 0])
  ("/bin/" .
   [1 5 0 0 0])
  ("ret" .
   [168 0 1])
  ("strstr" .
   [2 0 0 0 0 0])
  ("l" .
   [1])
  ("quit" .
   [1 0 0 0])
  ("CHAN_OPEN" .
   [0 0 2 0 0 0 0 0 0])
  ("CHAN_CLOSED" .
   [0 0 1 0 0 0 0 0 0 0 0])
  ("test" .
   [16 0 0 0])
  ("18" .
   [1 0])
  ("19" .
   [1 0])
  ("t_sys" .
   [1 0 0 1 0])
  ("100" .
   [14 0 0])
  ("101" .
   [1 0 0])
  ("102" .
   [2 0 0])
  ("103" .
   [1 0 0])
  ("104" .
   [1 0 0])
  ("105" .
   [1 0 0])
  ("106" .
   [1 0 0])
  ("107" .
   [1 0 0])
  ("108" .
   [1 0 0])
  ("109" .
   [1 0 0])
  ("110" .
   [1 0 0])
  ("111" .
   [1 0 0])
  ("112" .
   [1 0 0])
  ("113" .
   [1 0 0])
  ("114" .
   [1 0 0])
  ("115" .
   [1 0 0])
  ("116" .
   [1 0 0])
  ("117" .
   [1 0 0])
  ("118" .
   [1 0 0])
  ("119" .
   [1 0 0])
  ("120" .
   [2 0 0])
  ("121" .
   [1 0 0])
  ("122" .
   [1 0 0])
  ("123" .
   [1 0 0])
  ("147" .
   [1 0 0])
  ("uregs" .
   [15 0 7 1 0])
  ("PTRACE_GETREGS" .
   [0 0 0 0 0 0 1 0 0 0 0 0 0 0])
  ("nb" .
   [84 0])
  ("281" .
   [1 0 0])
  ("AObject" .
   [0 0 5 0 0 0 0])
  ("Camera" .
   [3 0 1 0 0 0])
  ("position_" .
   [1 0 0 0 1 0 0 0 1])
  ("0f" .
   [6 0])
  ("rotation_" .
   [0 0 5 1 0 0 0 0 2])
  ("namespace" .
   [0 0 1 0 0 0 0 0 0])
  ("Primitives" .
   [3 0 1 1 0 2 0 0 0 0])
  ("Primitive" .
   [4 0 0 0 0 0 0 0 2])
  ("Rectangle" .
   [0 0 1 0 0 0 0 0 0])
  ("reg" .
   [3 0 0])
  ("GameClock" .
   [0 0 0 0 0 0 0 0 1])
  ("Input" .
   [0 0 0 0 1])
  ("rsi" .
   [0 0 1])
  ("500" .
   [2 0 0])
  ("10" .
   [19 0])
  ("camera_" .
   [1 0 0 0 1 0 0])
  ("300" .
   [4 0 0])
  ("Caisse" .
   [0 0 1 1 0 1])
  ("mur" .
   [5 0 0])
  ("Bomberman" .
   [0 0 1 0 0 0 0 0 0])
  ("Model" .
   [2 0 0 0 1])
  ("errno" .
   [4 0 0 1 2])
  ("son_ptrace" .
   [0 0 0 0 1 0 0 0 0 0])
  ("t_s" .
   [17 0 5])
  ("parsing" .
   [0 0 1 0 0 0 0])
  ("p" .
   [2])
  ("mine" .
   [1 0 0 0])
  ("299" .
   [1 0 0])
  ("get_pid" .
   [4 0 0 1 0 0 2])
  ("get_sigint_trace" .
   [1 0 0 0 0 0 0 0 0 0 0 0 0 3 0 0])
  ("my_sigin_pid" .
   [0 0 0 1 0 1 0 0 0 0 0 3])
  ("atoi" .
   [2 0 0 0])
  ("the_sys" .
   [0 0 0 2 0 0 0])
  ("init" .
   [1 0 0 1])
  ("g_p" .
   [1 0 0])
  ("m_hTexture" .
   [1 0 1 0 0 0 0 0 0 0])
  ("SIZECUBE" .
   [0 0 0 0 0 0 0 1])
  ("SIZEWALL" .
   [1 0 0 0 0 0 0 0])
  ("hModel" .
   [0 0 3 1 0 0])
  ("Neo" .
   [8 0 0])
  ("Draw" .
   [0 0 1 1])
  ("obj_bomb" .
   [1 0 0 0 0 0 0 0])
  ("GAME_CASESIZE" .
   [2 0 0 0 0 0 0 0 0 0 0 0 0])
  ("225" .
   [1 0 0])
  ("315" .
   [1 0 0])
  ("Game" .
   [1 0 0 0])
  ("GetElapsedTime" .
   [0 0 0 0 1 0 0 0 0 0 0 0 0 0])
  ("gdl" .
   [1 0 0])
  ("texture_" .
   [0 0 0 0 1 0 0 0])
  ("/bin/dd" .
   [0 0 0 0 0 1 0])
  ("/bin/cp" .
   [0 0 0 0 0 1 0])
  ("String" .
   [4 0 0 3 0 0])
  ("Create" .
   [0 0 0 1 0 0])
  ("cvShowImage" .
   [0 0 0 0 1 0 0 0 0 0 0])
  ("codec_type" .
   [1 0 0 0 0 0 0 0 0 0])
  ("av_read_frame" .
   [1 0 0 0 0 0 0 0 0 0 0 0 0])
  ("pFrame" .
   [0 0 1 0 0 0])
  ("pCodecCtx" .
   [0 0 1 0 0 0 0 0 0])
  ("packet" .
   [0 0 1 0 0 0])
  ("pFormatCtx" .
   [0 0 6 0 0 0 0 1 0 1])
  ("init_video" .
   [0 0 0 0 0 0 0 0 0 1])
  ("close_video" .
   [0 0 0 0 0 1 0 0 0 0 0])
  ("tutu" .
   [1 0 0 0])
  ("ndx" .
   [1 0 0])
  ("hSceneMenuScores" .
   [1 0 0 0 0 0 0 0 0 0 0 0 0 0 0 0])
  ("obj_menu_sv_score" .
   [1 0 0 0 0 0 0 0 0 0 0 0 0 0 0 0 0])
  ("PLAYER_2" .
   [1 0 0 0 0 0 0 0])
  ("m_hScore_2" .
   [1 0 0 0 0 0 0 0 0 0])
  ("Client" .
   [2 0 1 1 0 0])
  ("h_client" .
   [8 0 9 27 14 8 1 26])
  ("c_name" .
   [2 0 0 0 0 0])
  ("c_sock" .
   [0 0 0 1 0 0])
  ("mess" .
   [2 0 0 0])
  ("EXIT_SUCCESS" .
   [0 0 0 1 0 0 1 0 0 0 0 0])
  ("Music1" .
   [0 0 1 2 0 0])
  ("n1" .
   [1 0])
  ("Scene" .
   [1 0 0 0 0])
  ("GoTo" .
   [1 0 0 0])
  ("1280" .
   [3 0 0 0])
  ("720" .
   [3 0 0])
  ("File" .
   [1 0 0 0])
  ("best" .
   [1 0 0 0])
  ("myfile" .
   [0 0 1 0 0 0])
  ("open" .
   [1 0 0 0])
  ("current" .
   [0 0 0 1 0 0 0])
  ("line" .
   [127 0 0 2])
  ("hMenuNewgame" .
   [0 0 0 1 0 0 0 0 0 0 0 0])
  ("20" .
   [3 0])
  ("hMenuSurvival" .
   [0 0 0 0 0 0 0 1 0 0 0 0 0])
  ("SetPercent" .
   [2 0 1 0 1 0 0 0 0 2])
  ("m_hLeftSize" .
   [0 0 0 0 1 0 0 0 0 0 0])
  ("hCursor" .
   [0 0 0 2 0 0 1])
  ("hBackground" .
   [0 0 1 0 0 0 0 0 0 0 0])
  ("Text" .
   [1 0 0 0])
  ("m_hGameOver" .
   [1 0 0 0 1 2 0 0 0 0 0])
  ("14" .
   [2 0])
  ("ToInt" .
   [0 0 0 0 2])
  ("score_1" .
   [0 0 0 1 0 0 0])
  ("score_2" .
   [1 0 0 0 0 0 0])
  ("score_3" .
   [1 0 0 0 0 0 0])
  ("score_4" .
   [1 0 0 0 0 0 0])
  ("e_obj" .
   [0 0 6 2 0])
  ("object_init" .
   [0 0 0 1 0 0 2 1 0 0 0])
  ("h_o" .
   [4 0 0])
  ("h_type" .
   [1 0 0 1 1 0])
  ("h_s3" .
   [30 0 0 0])
  ("s_push_ascii" .
   [0 0 0 0 1 1 1 0 1 1 0 1])
  ("n_x" .
   [18 0 0])
  ("n_y" .
   [25 0 0])
  ("object_destroy" .
   [0 0 0 0 0 0 1 0 0 0 0 0 0 0])
  ("h_s" .
   [36 0 0])
  ("h_s2" .
   [8 0 0 0])
  ("s_init" .
   [1 0 0 0 0 0])
  ("h_map" .
   [11 0 1 5 8])
  ("h_2" .
   [1 0 0])
  ("map_state" .
   [1 0 0 0 0 0 0 0 0])
  ("double" .
   [11 0 0 5 2 0])
  ("n_time" .
   [2 0 0 0 0 0])
  ("n_height" .
   [0 0 1 0 2 0 0 0])
  ("h_server" .
   [3 0 1 3 15 0 0 1])
  ("server" .
   [2 0 0 1 0 4])
  ("s_team" .
   [3 0 0 0 1 0])
  ("h_obj" .
   [0 0 0 1 0])
  ("moreno_i" .
   [1 0 0 0 0 0 0 0])
  ("map_connect" .
   [0 0 0 0 0 0 0 0 0 0 1])
  ("h_graph" .
   [2 0 0 0 3 1 0])
  ("Receive" .
   [0 0 0 0 0 0 1])
  ("client_send" .
   [0 0 0 0 0 0 0 0 0 1 0])
  ("s_destroy" .
   [0 0 0 0 1 0 0 0 0])
  ("map_quantity" .
   [0 0 0 0 0 1 0 0 0 0 0 0])
  ("list_at" .
   [0 0 0 0 1 1 0])
  ("obj" .
   [12 0 0])
  ("clients" .
   [1 0 0 0 0 0 0])
  ("command" .
   [0 0 0 0 0 0 2])
  ("n_rand" .
   [0 0 0 1 0 0])
  ("div" .
   [60 0 0])
  ("my_putchar" .
   [56 0 0 0 1 1 1 12 3 7])
  ("my_put_nbr" .
   [5 0 0 1 1 2 1 16 4 11])
  ("my_evil_str" .
   [0 0 0 0 0 0 0 1 0 1 0])
  ("cpt" .
   [1 0 0])
  ("my_strlen" .
   [15 0 0 1 4 2 4 0 4])
  ("my_putstr" .
   [70 0 0 0 1 1 6 17 9])
  ("my_swap_char" .
   [3 0 0 0 0 0 0 1 0 0 0 0])
  ("length" .
   [2 0 0 3 1 1])
  ("neg_nb" .
   [3 0 0 1 1 1])
  ("colle" .
   [1 0 0 0 0])
  ("colomn" .
   [3 0 0 0 0 0])
  ("display" .
   [7 0 0 0 0 1 7])
  ("check_input" .
   [0 0 0 0 0 0 1 0 0 0 0])
  ("veuillez" .
   [1 0 0 0 0 0 0 0])
  ("entrer" .
   [1 0 0 0 0 1])
  ("positif" .
   [1 0 0 0 1 0 0])
  ("pour" .
   [2 0 0 0])
  ("line_begg_end" .
   [0 0 0 0 0 1 0 0 0 0 0 0 0])
  ("power" .
   [10 0 0 0 0])
  ("result" .
   [5 0 0 0 0 0])
  ("my_getnbr_adv" .
   [1 0 0 0 0 0 1 0 0 0 0 0 1])
  ("un" .
   [1 0])
  ("44" .
   [1 0])
  ("42" .
   [1 0])
  ("est" .
   [2 0 0])
  ("la" .
   [2 0])
  ("du" .
   [1 0])
  ("av" .
   [14 0])
  ("check_double" .
   [0 0 0 0 0 1 0 0 0 0 0 1])
  ("argc" .
   [18 0 0 0])
  ("check_base_with_op" .
   [0 0 0 0 0 0 0 0 0 0 1 0 0 0 0 0 0 0])
  ("base" .
   [29 0 1 0])
  ("_exit" .
   [1 0 0 0 0])
  ("ret_read" .
   [9 0 0 2 4 2 6 3])
  ("buffer" .
   [126 0 1 0 0 0])
  ("part_nb" .
   [0 0 0 0 1 1 0])
  ("eval_expr" .
   [1 0 0 0 0 0 0 0 2])
  ("e" .
   [5])
  ("a" .
   [13])
  ("b" .
   [2])
  ("baseparam" .
   [2 0 0 0 0 0 0 0 0])
  ("op" .
   [5 0])
  ("opparam" .
   [0 0 0 0 1 0 0])
  ("sizeparam" .
   [0 0 0 0 0 0 1 0 0])
  ("../Revision_0/" .
   [0 0 0 1 0 0 0 0 0 0 0 0 0 0])
  ("none" .
   [0 0 0 1])
  ("oui" .
   [6 0 0])
  ("non" .
   [4 0 0])
  ("flags" .
   [4 0 1 1 2])
  ("opera" .
   [1 0 0 0 0])
  ("my_func" .
   [3 0 0 0 0 0 0])
  ("init_type" .
   [0 0 0 0 0 0 1 0 0])
  ("t_type" .
   [3 0 0 3 1 0])
  ("va_list" .
   [2 0 0 0 0 0 0])
  ("display_flags" .
   [0 0 0 0 0 0 0 0 1 0 0 0 0])
  ("my_printf" .
   [118 0 1 0 0 8 1 5 4])
  ("my_putchar_base" .
   [0 0 0 0 0 0 0 0 0 0 0 0 0 0 1])
  ("d" .
   [6])
  ("compile" .
   [1 0 0 0 0 0 0])
  ("gdb" .
   [1 0 0])
  ("254" .
   [3 0 0])
  ("250" .
   [1 0 0])
  ("then" .
   [16 0 0 0])
  ("echo" .
   [10 0 0 0])
  ("MAX_SIZE_RET" .
   [0 0 0 3 0 0 0 0 0 0 0 0])
  ("to_empty" .
   [2 0 1 0 2 2 8 3])
  ("BUFFER_READ" .
   [0 0 0 3 0 0 1 0 0 0 0])
  ("do_else" .
   [1 0 0 0 0 0 0])
  ("to_full" .
   [4 0 0 0 0 0 0])
  ("is_empty" .
   [0 0 1 0 1 0 0 0])
  ("my_strcpy_free" .
   [0 0 0 0 0 0 1 0 0 0 0 0 0 0])
  ("src" .
   [8 0 0])
  ("dest" .
   [5 0 0 1])
  ("read_to_buffer" .
   [0 0 0 0 0 1 1 0 0 0 0 0 0 0])
  ("free" .
   [25 0 0 0])
  ("gere_expose" .
   [0 0 0 0 0 0 0 0 1 0 0])
  ("win_ptr" .
   [2 0 0 0 0 0 0])
  ("mlx" .
   [1 0 0])
  ("mlx_put_image_to_window" .
   [0 0 0 0 0 0 0 0 1 0 0 0 0 0 0 0 0 0 0 0 0 0 0])
  ("valeur" .
   [1 0 0 0 0 0])
  ("send_ret" .
   [1 0 0 2 2 0 0 0])
  ("empty_rest" .
   [0 0 0 0 0 0 0 1 0 0])
  ("read_rest" .
   [1 0 0 0 0 0 0 0 0])
  ("ret_read_to_buffer" .
   [0 0 0 1 0 0 0 0 0 2 0 0 0 0 0 0 0 0])
  ("GET_NEXT_LINE_H_" .
   [0 0 0 1 1 0 0 0 0 0 0 0 0 0 0 0])
  ("ret_buff" .
   [1 0 0 0 0 0 1 0])
  ("path_of_file" .
   [0 0 0 0 1 0 0 0 0 0 0 0])
  ("len_path" .
   [4 0 0 0 0 0 0 0])
  ("entry_list" .
   [0 0 0 0 0 0 1 0 0 0])
  ("LONG_LIST_H_" .
   [0 0 0 0 0 1 0 0 0 0 0 0])
  ("fd_p" .
   [0 0 0 2])
  ("fd_p1" .
   [4 0 0 0 0])
  ("fd_p2" .
   [5 0 0 0 2])
  ("close" .
   [8 0 0 0 0])
  ("do_op" .
   [1 0 0 0 0])
  ("line_nb" .
   [3 0 0 0 0 0 1])
  ("my_str_isalpha" .
   [0 0 0 0 0 0 0 0 0 1 0 0 0 0])
  ("t_tko" .
   [9 0 1 5 0])
  ("new_elem" .
   [0 0 0 6 8 1 1 4])
  ("platine" .
   [18 0 0 1 0 0 20])
  ("file_name" .
   [0 0 0 1 6 3 1 0 0])
  ("platine_a" .
   [2 0 0 1 0 0 0 0 1])
  ("platine_b" .
   [5 0 0 0 0 0 0 0 0])
  ("display_alone" .
   [0 0 0 0 0 0 0 0 0 2 0 0 0])
  ("my_rev_list" .
   [0 0 0 0 0 1 0 1 0 0 0])
  ("t_tko2" .
   [2 0 1 0 1 4])
  ("yop" .
   [28 0 0])
  ("t_cmd" .
   [2 0 0 7 1])
  ("do" .
   [3 0])
  ("read_cmd" .
   [1 0 0 0 0 0 0 0])
  ("ret_cmd" .
   [1 0 0 0 0 0 1])
  ("cpy_n_free_tab" .
   [0 0 0 0 0 1 0 0 0 0 0 0 0 0])
  ("malloc_line" .
   [0 0 0 0 0 0 1 0 0 0 0])
  ("do_tab" .
   [1 0 0 0 0 0])
  ("buffer2" .
   [1 0 0 0 0 0 0])
  ("tab2" .
   [8 0 0 0])
  ("put_tab" .
   [1 0 0 0 0 0 0])
  ("line_ret" .
   [1 0 0 0 0 0 0 0])
  ("new_tab" .
   [2 0 0 0 1 0 0])
  ("malloc_tab" .
   [0 0 0 1 0 0 0 0 1 0])
  ("len_line" .
   [1 0 0 3 3 1 0 1])
  ("32000" .
   [2 0 0 0 0])
  ("nb_line" .
   [4 0 0 0 0 0 0])
  ("nb_line_max" .
   [2 0 0 0 0 0 0 0 2 0 0])
  ("open_file" .
   [1 0 0 0 0 0 1 0 1])
  ("len_cmd" .
   [0 0 0 3 2 0 0])
  ("nb_line_char" .
   [0 0 0 0 0 0 0 0 2 1 0 0])
  ("FDF_H_" .
   [1 0 0 1 0 0])
  ("s_map" .
   [1 0 1 0 0])
  ("t_map" .
   [3 0 0 0 0])
  ("new_line" .
   [0 0 0 1 3 3 0 0])
  ("prev" .
   [50 0 0 1])
  ("C-left" .
   [1 0 0 0 0 0])
  ("color" .
   [14 0 0 0 4])
  ("30" .
   [3 0])
  ("50" .
   [1 0])
  ("prompt" .
   [0 0 1 0 0 0])
  ("arge" .
   [27 0 0 0])
  ("tab_cmd" .
   [3 0 0 2 1 2 0])
  ("len_tab" .
   [1 0 0 0 0 0 0])
  ("dir" .
   [6 0 0])
  ("my_strcpy" .
   [0 0 0 0 0 0 0 0 1])
  ("my_strcat" .
   [1 0 0 0 0 0 0 0 0])
  ("t_path" .
   [4 0 0 0 0 0])
  ("free_elem" .
   [1 0 0 0 0 1 2 0 2])
  ("prog" .
   [6 0 0 0])
  ("get_j" .
   [0 0 0 0 1])
  ("ret_wait" .
   [1 0 0 0 0 2 1 0])
  ("error_fork" .
   [0 0 0 0 0 0 0 1 0 0])
  ("error_func" .
   [1 0 0 0 0 0 0 1 0 0])
  ("fork" .
   [3 0 0 0])
  ("do_fork" .
   [1 0 0 0 0 0 0])
  ("t_swap" .
   [1 0 2 2 1 0])
  ("tmp_prev" .
   [0 0 0 0 0 0 1 0])
  ("swap" .
   [9 0 0 17])
  ("tmp_next" .
   [1 0 0 0 0 0 1 0])
  ("my_strcmp" .
   [1 0 0 0 0 0 1 0 0])
  ("swap_swap" .
   [0 0 0 0 0 0 0 0 1])
  ("swap_1" .
   [8 0 0 0 1 0])
  ("swap_2" .
   [7 0 0 0 0 0])
  ("ptr" .
   [16 0 0])
  ("tmp_arge" .
   [0 0 0 0 1 0 0 0])
  ("sig_tstp" .
   [1 0 0 0 0 0 0 0])
  ("stdlib" .
   [7 0 0 0 0 0])
  ("check_arg" .
   [0 0 0 0 0 1 0 0 0])
  ("devill_x" .
   [1 0 0 0 0 0 0 0])
  ("delta" .
   [12 0 0 0 0])
  ("do_intersection" .
   [0 0 0 0 0 1 0 0 0 0 0 0 0 0 0])
  ("inter1" .
   [13 0 0 0 0 1])
  ("t_point" .
   [1 0 0 0 3 0 2])
  ("inter2" .
   [9 0 0 0 0 0])
  ("swap_list" .
   [1 0 0 0 0 0 0 0 0])
  ("l_a" .
   [17 0 0])
  ("l_b" .
   [16 0 0])
  ("sn" .
   [2 0])
  ("tmp_l1" .
   [2 0 0 0 0 0])
  ("tmp_l2" .
   [1 0 0 0 0 0])
  ("tmp_list" .
   [1 0 0 0 0 0 0 0])
  ("pow" .
   [6 0 0])
  ("world" .
   [18 0 2 22 6])
  ("t_world" .
   [4 0 0 6 0 0 4])
  ("UTILS_H_" .
   [1 0 2 0 0 0 0 0])
  ("utils" .
   [1 0 0 0 0])
  ("PI" .
   [1 0])
  ("math" .
   [1 0 0 0])
  ("teta" .
   [24 0 0 0])
  ("atan" .
   [1 0 0 0])
  ("wolf3d" .
   [0 0 0 1 0 0])
  ("convert_in_rad" .
   [0 0 0 0 0 0 1 0 0 0 0 0 0 2])
  ("perso" .
   [10 0 0 1 1])
  ("angle" .
   [9 0 0 0 0])
  ("22" .
   [1 0])
  ("ab" .
   [6 0])
  ("put" .
   [1 0 0])
  ("put_sky_ground" .
   [0 0 0 0 0 0 1 0 1 0 0 0 0 0])
  ("pi" .
   [6 0])
  ("len_from_wall" .
   [8 0 0 0 4 1 1 0 0 0 0 0 0])
  ("get_len_from_wall" .
   [0 0 0 1 0 0 0 0 0 0 0 0 0 0 0 0 0])
  ("x2" .
   [1 0])
  ("y" .
   [3])
  ("y_wall" .
   [0 0 0 1 0 0])
  ("y2" .
   [5 0])
  ("x_max" .
   [2 0 0 1 3])
  ("4" .
   [3])
  ("teta_tmp" .
   [0 0 0 0 1 1 0 0])
  ("get_teta" .
   [0 0 0 0 0 0 1 0])
  ("x" .
   [1])
  ("ab_tmp" .
   [1 0 0 0 1 0])
  ("cb" .
   [1 0])
  ("ac" .
   [1 0])
  ("data_sky" .
   [0 0 0 0 0 0 1 0])
  ("map_t" .
   [4 0 0 0 0])
  ("max_y" .
   [4 0 0 0 0])
  ("max_x" .
   [3 0 0 0 0])
  ("set_term" .
   [0 0 0 1 0 0 0 0])
  ("termios" .
   [1 0 0 0 0 0 0])
  ("c_cc" .
   [1 0 0 0])
  ("select" .
   [7 0 0 0 0 1])
  ("require_selected" .
   [0 0 0 0 0 0 1 0 0 0 0 0 0 0 0 0])
  ("game" .
   [26 0 0 0])
  ("move_up" .
   [1 0 0 0 0 0 0])
  ("t_game" .
   [4 0 2 0 3 0])
  ("do_select" .
   [1 0 0 0 0 0 0 0 0])
  ("sepa" .
   [11 0 0 0])
  ("tab_len" .
   [1 0 0 0 0 0 0])
  ("is_sepa" .
   [3 0 0 1 0 1 0])
  ("pipe" .
   [7 0 0 2])
  ("pipefd" .
   [9 0 0 0 0 1])
  ("dup2" .
   [5 0 0 0])
  ("con_fd" .
   [4 0 0 0 0 0])
  ("dup" .
   [4 0 0])
  ("env" .
   [11 0 0])
  ("mode_pipe" .
   [2 0 1 1 1 2 2 0 2])
  ("elem" .
   [1 0 0 1])
  ("my_memset" .
   [1 0 0 0 0 1 0 0 0])
  ("check_cmd" .
   [0 0 0 0 0 0 2 1 0])
  ("check_redir" .
   [0 0 0 0 0 0 0 0 1 0 0])
  ("11" .
   [2 0])
  ("exec_cmd" .
   [0 0 0 0 0 1 1 0])
  ("disp_error" .
   [0 0 0 1 3 1 0 0 0 0])
  ("t_pts" .
   [5 0 0 1 1])
  ("width" .
   [5 0 0 2 0])
  ("get_map" .
   [0 0 0 0 0 0 1])
  ("getline" .
   [0 0 0 0 0 1 0])
  ("height" .
   [0 0 0 1 0 0])
  ("wait_child" .
   [0 0 0 0 0 0 1 0 0 0])
  ("26" .
   [1 0])
  ("my_strdup" .
   [0 0 0 0 0 0 0 1 0])
  ("t_scene" .
   [6 0 2 0 4 1 0])
  ("t_vec" .
   [3 0 0 1 1])
  ("t_int" .
   [7 0 0 0 1])
  ("inter" .
   [10 0 0 0 0])
  ("object" .
   [1 0 0 0 0 0])
  ("coord_eye" .
   [1 0 0 1 5 0 0 1 0])
  ("vec" .
   [3 0 0])
  ("do_sphere" .
   [0 0 0 0 1 0 0 0 0])
  ("scene" .
   [20 0 0 1 0])
  ("dist" .
   [2 0 0 0])
  ("s_int" .
   [1 0 0 0 0])
  ("t_del" .
   [1 0 0 0 0])
  ("del" .
   [11 0 0])
  ("SIGNALS_H_" .
   [0 0 1 0 1 0 0 0 0 0])
  ("core" .
   [1 0 0 0])
  ("make_cylinder" .
   [1 0 0 0 0 0 0 0 0 0 0 0 0])
  ("cos_a" .
   [3 0 0 1 1])
  ("rtv1-2017-devill_x" .
   [0 0 0 0 1 0 0 0 0 0 0 0 0 0 0 0 0 0])
  ("cmd_argv" .
   [0 0 0 1 0 0 0 0])
  ("pause" .
   [4 0 0 0 0])
  ("GLOBAL_H_" .
   [0 0 1 3 1 0 2 0 0])
  ("t_sig" .
   [1 0 0 0 0])
  ("min" .
   [1 0 0])
  ("max" .
   [2 0 0])
  ("sig_pid" .
   [3 0 0 0 0 0 0])
  ("SIGUSR2" .
   [9 0 0 0 0 0 0])
  ("SIGUSR1" .
   [5 0 0 0 0 0 0])
  ("SIGUSR" .
   [0 0 0 0 0 2])
  ("sig_wait" .
   [1 0 0 0 0 0 0 0])
  ("id" .
   [8 0])
  ("champ" .
   [11 0 0 0 0])
  ("nb_champs" .
   [0 0 0 3 1 0 0 0 0])
  ("vm" .
   [15 0])
  ("cycle_to_die" .
   [0 0 0 0 0 0 0 0 0 0 0 1])
  ("CYCLE_TO_DIE" .
   [0 0 0 0 0 0 0 0 1 0 0 0])
  ("nbr_cycle" .
   [0 0 0 0 0 0 0 0 1])
  ("sort_champ" .
   [0 0 0 0 0 0 1 0 0 0])
  ("t_vm" .
   [0 0 0 1])
  ("tmp_id" .
   [3 0 0 0 0 0])
  ("tmp_str" .
   [2 0 0 0 0 0 0])
  ("tmp_name" .
   [3 0 0 0 0 0 0 0])
  ("NAME_SIZE" .
   [0 0 0 0 0 0 0 0 1])
  ("pc" .
   [1 0])
  ("t_pix" .
   [1 0 0 0 0])
  ("pix" .
   [3 0 0])
  ("t_thre" .
   [4 0 0 0 0 0])
  ("thre" .
   [6 0 0 0])
  ("thread" .
   [1 0 0 0 0 0])
  ("thread_1" .
   [2 0 0 0 0 0 0 0])
  ("TRAD_CODE_H_" .
   [0 0 1 0 0 0 0 0 0 0 0 0])
  ("ACTUAL" .
   [3 0 0 0 0 0])
  ("typechar" .
   [4 0 0 0 0 4 0 3])
  ("t_pc" .
   [2 0 0 0])
  ("pc_ptr" .
   [0 0 0 0 0 1])
  ("pc_tmp" .
   [1 0 0 0 2 0])
  ("init_pc_tmp" .
   [0 0 0 0 0 0 1 0 0 0 0])
  ("parse_file" .
   [0 0 0 1 0 0 0 0 0 0])
  ("t_obj" .
   [3 0 0 1 0])
  ("structure" .
   [0 0 0 0 0 0 0 1 0])
  ("t_ori" .
   [2 0 0 0 1])
  ("t_col" .
   [2 0 0 0 0])
  ("name_file" .
   [1 0 0 0 0 0 0 0 0])
  ("t_tex" .
   [3 0 0 0 0])
  ("~/epitech/utils/latex/" .
   [0 0 0 0 0 0 0 0 0 0 0 0 0 0 0 0 0 0 1 0 0 0])
  ("~/epitech/utils/latex/new-proj-tex/" .
   [0 0 0 0 0 0 0 0 0 0 0 0 0 0 0 0 0 0 0 0 0 0 1 0 0 0 0 0 0 0 0 0 0 0 0])
  ("$_COOKIE" .
   [1 0 0 0 0 0 0 0])
  ("php" .
   [1 0 0])
  ("str_to_graph" .
   [0 0 0 0 1 0 1 0 0 0 0 0])
  ("pass_nbr" .
   [0 0 0 0 1 0 0 0])
  ("graph" .
   [1 0 0 0 0])
  ("history" .
   [1 0 0 0 0 0 0])
  ("expose_hook" .
   [0 0 0 1 0 0 0 0 0 0 0])
  ("sudoki" .
   [0 0 0 0 0 1])
  ("bi" .
   [1 0])
  ("msg_error" .
   [2 0 0 1 0 0 0 0 0])
  ("get_nbr" .
   [1 0 0 0 0 0 0])
  ("neg" .
   [2 0 0])
  ("check_nb" .
   [1 0 0 0 0 0 0 0])
  ("s_scene" .
   [0 0 0 0 1 0 0])
  ("s_cnt" .
   [2 0 1 0 0])
  ("libmy" .
   [1 0 0 0 0])
  ("t_cnt" .
   [4 0 0 5 3])
  ("order_count" .
   [0 0 0 0 0 1 0 0 0 0 0])
  ("cnt" .
   [46 0 0])
  ("swap_elem" .
   [0 0 0 1 0 1 0 0 0])
  ("elem_1" .
   [4 0 0 1 1 9])
  ("elem_2" .
   [4 0 0 0 0 0])
  ("partie_2" .
   [0 0 0 0 0 0 1 0])
  ("get_value" .
   [0 0 0 0 0 0 1 0 0])
  ("fly" .
   [1 0 0])
  ("full" .
   [3 0 0 0])
  ("str_1" .
   [1 0 0 0 0])
  ("str_2" .
   [1 0 0 0 0])
  ("disp_elem" .
   [0 0 0 0 0 0 1 0 0])
  ("t_eye" .
   [2 0 0 0 0])
  ("t_rt" .
   [1 0 0 0])
  ("set_refl" .
   [1 0 0 0 0 0 0 0])
  ("set_trans" .
   [2 0 0 0 0 0 0 0 0])
  ("set_angle" .
   [2 0 0 0 0 0 0 0 0])
  ("set_color" .
   [2 0 0 0 0 0 0 0 0])
  ("t_op" .
   [1 0 0 0])
  ("danger" .
   [7 0 1 0 0 0])
  ("init_grid" .
   [1 0 0 0 0 0 0 0 0])
  ("do_game" .
   [1 0 0 0 0 0 0])
  ("get_ite" .
   [2 0 0 0 0 0 0])
  ("xread" .
   [1 0 0 0 0])
  ("ite_max" .
   [1 0 0 0 0 0 1])
  ("ite" .
   [3 0 0])
  ("gmae" .
   [3 0 0 0])
  ("read_grid" .
   [1 0 0 0 0 0 0 0 0])
  ("hei" .
   [1 0 0])
  ("wid" .
   [2 0 0])
  ("ret_cell" .
   [0 0 0 0 1 0 2 0])
  ("check_cell" .
   [0 0 0 0 0 1 0 0 0 0])
  ("j_tmp" .
   [7 0 0 4 0])
  ("j" .
   [1])
  ("nb_cell" .
   [6 0 0 0 3 3 0])
  ("sleep" .
   [1 0 0 0 0])
  ("clear_grid" .
   [1 0 0 0 0 0 0 0 0 0])
  ("get_nbcell" .
   [0 0 0 0 0 0 0 0 1 0])
  ("params" .
   [0 0 0 0 1 0])
  ("SIZE_BUFF" .
   [0 0 0 0 1 0 0 0 0])
  ("P_EYE_X" .
   [1 0 0 0 0 0 0])
  ("P_EYE_Y" .
   [1 0 0 0 0 0 0])
  ("fill_point" .
   [0 0 0 0 0 0 1 0 0 0])
  ("new_illum" .
   [0 0 0 0 0 1 2 0 2])
  ("P_LIGHT_X" .
   [1 0 0 0 0 0 0 0 1])
  ("P_LIGHT_Y" .
   [1 0 0 0 0 0 0 0 0])
  ("P_LIGHT_Z" .
   [2 0 0 0 0 0 0 0 0])
  ("COL_LIGHT_R" .
   [1 0 0 1 0 0 0 0 0 0 0])
  ("COL_LIGHT_G" .
   [1 0 0 0 0 0 0 0 0 0 0])
  ("COL_LIGHT_B" .
   [1 0 0 0 0 0 0 0 0 0 0])
  ("illum" .
   [0 0 0 4 0])
  ("my_printe" .
   [1 0 0 0 0 0 0 0 0])
  ("rm_space2" .
   [0 0 0 0 0 0 0 0 1])
  ("general" .
   [3 0 0 0 0 0 0])
  ("ext" .
   [1 0 0])
  ("ext1" .
   [3 0 0 0])
  ("check_ext" .
   [1 0 0 0 0 0 0 0 0])
  ("gchar" .
   [1 0 0 0 0])
  ("GtkWidget" .
   [1 0 0 0 0 0 0 0 0])
  ("widget" .
   [4 0 0 0 0 0])
  ("aff_ext_error" .
   [0 0 0 0 1 0 0 0 0 0 0 0 0])
  ("inter_ptr" .
   [4 0 0 0 0 0 0 0 0])
  ("light_view" .
   [1 0 0 0 0 0 0 0 0 0])
  ("view" .
   [2 0 0 0])
  ("DISP" .
   [1 0 0 0])
  ("/media/9747-1A01/" .
   [0 0 0 0 0 0 0 1 0 0 0 0 0 0 0 0 0])
  ("/media/vaur-disk/vaur-samsung/" .
   [0 0 0 0 0 0 0 0 0 0 0 0 0 0 0 0 0 0 1 0 0 0 0 0 0 0 0 0 0 0])
  ("SYNC" .
   [1 0 0 0])
  ("/home/devill_x/Musique/" .
   [0 0 0 0 0 0 0 0 0 0 0 0 0 0 0 0 0 1 0 0 0 0 0])
  ("/media/ARCHOS5/" .
   [0 0 0 0 0 0 0 0 0 1 0 0 0 0 0])
  ("/media/ARCHOS5/Music/" .
   [0 0 0 0 0 0 0 0 0 0 0 0 0 0 0 0 1 0 0 0 0])
  ("elif" .
   [1 0 0 0])
  ("/media/vaur-disk-2/" .
   [0 0 0 0 0 0 0 0 0 0 0 0 0 0 0 0 1 0 0])
  ("__size__" .
   [1 0 0 0 0 0 0 0])
  ("__init__" .
   [0 0 0 0 0 0 2 0])
  ("raise" .
   [5 0 0 0 0])
  ("__del__" .
   [0 0 0 0 0 2 0])
  ("self" .
   [1 0 0 0])
  ("_idx" .
   [1 0 0 0])
  ("getName" .
   [1 0 0 0 2 1 2])
  ("new_item" .
   [0 0 0 0 1 0 0 0])
  ("end_item" .
   [0 0 0 0 1 0 0 0])
  ("Class" .
   [4 0 0 0 0])
  ("Federation" .
   [0 0 8 1 0 1 0 0 0 0])
  ("Starfleet" .
   [0 0 0 0 1 5 1 0 2])
  ("Ship" .
   [12 0 1 0])
  ("short" .
   [2 0 0 0 0])
  ("_length" .
   [0 0 1 0 0 0 0])
  ("_width" .
   [0 0 1 0 0 0])
  ("_maxWarp" .
   [0 0 0 0 0 1 0 0])
  ("Ship_starfleet" .
   [0 0 0 0 1 1 3 1 1 1 0 0 0 0])
  ("maxwarp" .
   [0 0 0 0 0 0 1])
  ("Captain" .
   [2 0 5 2 2 0 0])
  ("_age" .
   [3 0 0 0])
  ("getAge" .
   [0 0 0 1 0 0])
  ("captain" .
   [4 0 1 0 0 0 3])
  ("promote" .
   [1 0 0 0 0 0 0])
  ("Ensign" .
   [1 0 2 2 0 0])
  ("torpedo" .
   [1 0 0 0 0 0 0])
  ("_stimpaks" .
   [0 0 0 1 0 0 0 0 0])
  ("droid" .
   [1 0 0 0 0])
  ("Droid" .
   [12 0 2 0 2])
  ("Id" .
   [7 0])
  ("ATTACK" .
   [0 0 0 0 2 0])
  ("TOUGHNESS" .
   [0 0 0 2 0 0 0 0 0])
  ("_status" .
   [1 0 3 0 0 0 1])
  ("STATUS" .
   [1 0 0 1 0 0])
  ("Status" .
   [2 0 0 0 0 3])
  ("ID" .
   [1 0])
  ("FingerPrint" .
   [0 0 0 1 0 0 0 0 0 0 0])
  ("getExp" .
   [1 0 0 0 0 0])
  ("DroidMemory" .
   [0 0 0 0 0 0 1 0 1 0 0])
  ("droidmemory" .
   [1 0 0 0 0 0 0 1 0 0 0])
  ("m_parent" .
   [1 0 0 0 1 0 0 0])
  ("m_name" .
   [2 0 0 0 0 0])
  ("strenght" .
   [0 0 0 0 1 0 0 0])
  ("protected" .
   [2 0 0 0 0 0 0 0 0])
  ("h" .
   [1])
  ("Heal" .
   [2 0 0 0])
  ("PV_PH" .
   [2 0 0 0 0])
  ("D_POWER" .
   [0 0 0 1 1 0 1])
  ("getPolymorphed" .
   [1 0 0 3 0 0 0 0 0 0 0 0 0 0])
  ("SuperMutant" .
   [0 0 1 4 0 1 0 0 0 0 0])
  ("SUPERMUTANT_H_" .
   [0 0 2 0 0 0 0 0 0 0 0 0 0 0])
  ("AENEMY_H_" .
   [0 0 1 1 0 0 0 0 0])
  ("AEnemy" .
   [0 0 2 1 0 2])
  ("hp" .
   [6 0])
  ("getType" .
   [0 0 0 0 0 1 0])
  ("getHP" .
   [3 0 0 0 0])
  ("takeDamage" .
   [0 0 0 0 0 1 0 0 0 0])
  ("dmg" .
   [2 0 0])
  ("RAISE_H_" .
   [2 0 0 0 0 0 0 0])
  ("MyUnitTests" .
   [0 0 1 0 0 0 0 0 0 0 0])
  ("test_4" .
   [1 0 0 0 0 0])
  ("_Title" .
   [1 0 0 0 0 0])
  ("_Type" .
   [2 0 0 0 0])
  ("o" .
   [2])
  ("Wrap" .
   [1 0 0 0])
  ("elf" .
   [1 0 0])
  ("printTable" .
   [1 0 0 0 0 0 0 0 0 0])
  ("TableRand" .
   [0 0 0 0 0 1 0 0 0])
  ("speak_es" .
   [2 0 0 0 0 0 0 0])
  ("speak" .
   [0 0 1 0 0])
  ("Buzz" .
   [0 0 1 0])
  ("what" .
   [7 0 0 0])
  ("PICTURE" .
   [0 0 0 1 1 0 0])
  ("SPEAK" .
   [1 0 1 0 0])
  ("where" .
   [1 0 0 0 0])
  ("ErrorType" .
   [0 0 0 1 0 0 0 0 0])
  ("rory" .
   [2 0 0 0])
  ("mickey" .
   [2 0 0 0 0 0])
  ("Lemon" .
   [1 0 3 0 0])
  ("FruitNode" .
   [0 0 0 0 0 0 4 0 0])
  ("s_FruitNode" .
   [0 0 0 1 0 0 0 0 0 0 0])
  ("nodeis_present" .
   [0 0 0 0 0 0 1 0 0 0 0 0 0 0])
  ("FruitBox" .
   [0 0 0 0 1 0 3 0])
  ("_ptr" .
   [3 0 0 0])
  ("_head" .
   [5 0 1 0 0])
  ("delete" .
   [4 0 0 0 0 0])
  ("it" .
   [4 0])
  ("ope" .
   [2 0 0])
  ("pile" .
   [6 0 0 0])
  ("pop" .
   [2 0 0])
  ("info" .
   [1 0 0 0])
  ("str3" .
   [4 0 0 0])
  ("sbrk" .
   [5 0 0 0])
  ("str4" .
   [2 0 0 0])
  ("sizepage" .
   [0 0 0 0 1 0 0 2])
  ("getpagesize" .
   [0 0 0 1 0 0 0 0 0 0 0])
  ("t_m_list" .
   [1 0 1 4 0 0 0 0])
  ("g_alloc_heap" .
   [0 0 1 2 0 0 0 0 0 0 0 0])
  ("ret_sbrk" .
   [7 0 0 0 0 0 0 0])
  ("full_size" .
   [1 0 0 0 1 0 0 0 1])
  ("next_elem" .
   [0 0 0 0 1 0 1 0 0])
  ("Calculator" .
   [0 0 3 2 1 1 0 0 0 0])
  ("stack" .
   [4 0 0 0 0])
  ("error_handler" .
   [0 0 0 0 0 0 0 0 0 0 0 0 1])
  ("g_exit" .
   [0 0 1 0 1 0])
  ("progname" .
   [0 0 0 3 1 1 1 1])
  ("write_start" .
   [1 0 0 0 0 0 0 1 0 0 0])
  ("get_date" .
   [1 0 0 0 0 0 2 0])
  ("getFile" .
   [0 0 0 0 1 0 0])
  ("getLine" .
   [1 0 0 0 0 0 0])
  ("filestream" .
   [0 0 0 0 0 1 0 0 0 0])
  ("slave" .
   [1 0 0 0 0])
  ("master" .
   [1 0 0 0 0 0])
  ("Monday" .
   [1 0 0 0 0 0])
  ("Tuesday" .
   [0 0 0 1 0 0 0])
  ("Sunday" .
   [1 0 0 0 0 0])
  ("function" .
   [3 0 0 0 1 0 0 0])
  ("January" .
   [0 0 0 1 0 0 0])
  ("year" .
   [11 0 0 0])
  ("month" .
   [10 0 0 0 0])
  ("is_bissextile" .
   [0 0 0 1 0 0 0 0 0 0 0 0 0])
  ("mount" .
   [1 0 0 0 0])
  ("with" .
   [5 0 0 0])
  ("next_" .
   [0 0 0 0 1])
  ("nb_days" .
   [0 0 1 0 0 0 0])
  ("day_month" .
   [0 0 0 0 2 0 0 0 0])
  ("day" .
   [1 0 1])
  ("next_day" .
   [0 0 0 0 0 0 0 2])
  ("next_wday" .
   [0 0 0 0 0 0 1 0 0])
  ("next_mday" .
   [0 0 0 0 0 0 0 0 1])
  ("next_month" .
   [0 0 0 0 0 1 0 0 0 1])
  ("next_year" .
   [0 0 0 0 0 0 1 0 0])
  ("December" .
   [0 0 0 0 1 0 0 0])
  ("getTypeFollow" .
   [0 0 0 0 0 1 0 0 0 0 0 0 0])
  ("Typedef" .
   [0 0 0 0 1 0 0])
  ("t_token" .
   [1 0 0 0 1 0 0])
  ("IgnoreToken" .
   [0 0 0 0 1 0 0 0 0 0 0])
  ("Indent" .
   [1 0 0 0 0 0])
  ("it_line_tmp" .
   [0 0 0 0 0 0 0 0 0 1 0])
  ("first_time_comma" .
   [0 0 0 1 0 0 0 0 0 0 0 0 0 0 0 0])
  ("id_token_value_dec" .
   [1 0 0 0 0 0 0 0 0 0 0 0 0 0 0 0 0 0])
  ("ClosingParenthesis" .
   [0 0 0 0 1 0 0 0 0 0 0 0 0 0 0 0 0 0])
  ("getValue" .
   [3 0 0 0 0 0 0 0])
  ("getTypeNext" .
   [0 0 0 0 0 0 0 0 0 1 0])
  ("it_lexer" .
   [2 0 0 0 0 0 1 0])
  ("it_next" .
   [1 0 0 0 0 0 1])
  ("test1" .
   [4 0 0 0 0])
  ("test2" .
   [4 0 0 0 0])
  ("my_setmem" .
   [1 0 0 0 0 0 0 0 0])
  ("->" .
   [7 0])
  ("parcours" .
   [1 0 0 0 0 0 0 0])
  ("iter" .
   [4 0 0 0])
  ("head" .
   [5 0 0 0])
  ("rec" .
   [1 0 0])
  ("fct" .
   [4 0 0])
  ("Empty" .
   [1 0 0 0 0])))
